--------------------- Folder: a280 ---------------------
Time taken to read the file: 0.00245 seconds
-----------
Time taken to execute: 1800.01 seconds
Memory taken to execute: 16636 kilobytes
Best cost: 49849.5
Cuts count: 871938
Leaf node was reached
Solution path: 0 95 1 76 241 74 279 94 240 73 238 69 234 68 235 70 236 71 237 72 239 77 242 96 2 93 243 75 244 66 233 50 232 51 223 49 224 52 231 67 230 78 245 97 4 92 3 98 6 79 278 80 246 65 225 48 222 53 226 54 227 47 221 36 218 46 228 55 229 56 250 57 249 81 5 99 7 91 276 90 247 82 277 83 248 64 217 45 220 37 219 44 214 38 216 35 213 63 275 100 9 101 8 88 274 89 10 167 11 168 273 84 209 43 210 58 208 62 251 86 255 87 254 85 259 102 12 166 13 169 272 108 258 103 257 111 256 112 215 39 212 34 211 40 206 41 207 61 252 115 253 107 260 104 14 165 271 109 261 110 205 42 204 59 203 33 194 32 191 31 190 22 170 23 171 270 105 24 188 21 187 25 189 26 193 30 195 27 164 15 113 262 114 202 60 201 117 263 116 200 29 196 28 186 16 163 17 172 269 106 18 185 124 197 123 192 125 199 126 184 19 162 132 161 20 183 127 198 122 143 121 142 120 144 128 173 268 160 131 182 130 174 133 159 267 158 264 118 141 119 140 156 266 157 134 181 129 145 153 146 154 139 152 147 155 265 180 135 175 136 151 150 177 176 179 178 149 148 138 137 0 





