--------------------- Folder: bier127 ---------------------
Time taken to read the file: 0.000681 seconds
-----------
Time taken to execute: 1800 seconds
Memory taken to execute: 264 kilobytes
Best cost: 812208
Cuts count: 13070236
Leaf node was reached
Solution path: 0 100 98 97 91 101 106 87 110 118 111 62 93 85 126 86 92 84 45 81 64 82 88 96 103 122 108 117 95 47 125 48 109 94 124 31 112 80 52 68 46 83 54 74 65 28 63 27 58 121 61 32 57 24 60 116 123 69 102 70 44 67 43 75 55 77 51 79 90 41 59 37 115 38 89 33 99 25 4 72 53 73 56 66 39 7 120 76 50 17 34 71 42 2 26 9 78 49 30 114 29 8 35 18 36 22 40 10 13 12 20 1 16 119 15 11 19 21 3 23 107 14 105 5 113 104 6 0 





