--------------------- Folder: ch130 ---------------------
Time taken to read the file: 0.000812 seconds
-----------
Time taken to execute: 1800 seconds
Memory taken to execute: 792 kilobytes
Best cost: 64661.6
Cuts count: 11536715
Leaf node was reached
Solution path: 0 122 65 110 84 100 124 81 89 56 27 8 85 101 68 5 87 9 63 13 6 12 118 77 83 66 31 95 35 120 112 58 55 114 51 10 74 4 73 108 98 60 90 123 71 75 72 61 64 29 24 121 47 22 96 54 25 59 69 46 67 39 97 125 102 82 76 104 80 111 11 127 86 15 48 128 119 44 57 62 21 109 113 93 107 88 36 106 50 126 52 103 32 28 2 91 116 94 7 14 20 42 41 40 37 38 78 17 23 70 115 92 18 43 26 45 99 79 19 117 34 3 105 30 33 16 53 1 49 129 0 





