--------------------- Folder: d198 ---------------------
Time taken to read the file: 0.001299 seconds
-----------
Time taken to execute: 1800 seconds
Memory taken to execute: 1348 kilobytes
Best cost: 254891
Cuts count: 0
Leaf node was reached
Solution path: 0 192 1 185 6 195 2 196 5 191 3 186 4 194 7 197 8 178 9 193 10 184 11 179 12 177 40 183 39 190 57 173 85 174 68 176 70 180 56 187 84 182 99 172 41 175 42 189 15 188 71 181 67 165 16 164 14 163 13 162 17 150 18 161 19 160 22 171 55 170 58 149 21 151 28 152 43 136 54 144 30 148 37 143 59 145 31 147 20 159 23 146 29 142 27 141 36 140 66 127 72 135 69 128 83 134 35 139 32 132 86 126 44 133 53 129 26 158 24 156 25 157 33 155 60 131 98 169 65 130 73 125 82 124 52 154 45 153 34 137 38 168 87 167 97 123 61 138 46 122 51 119 81 166 96 107 74 118 88 108 89 109 64 117 50 120 47 121 49 116 48 115 75 110 95 106 80 114 63 111 76 105 94 112 77 113 62 100 90 78 79 91 104 103 102 101 92 93 0 





