--------------------- Folder: d493 ---------------------
Time taken to read the file: 0.007505 seconds
-----------
Time taken to execute: 1800.03 seconds
Memory taken to execute: 22356 kilobytes
Best cost: 606132
Cuts count: 0
Leaf node was reached
Solution path: 0 93 1 491 8 492 9 490 10 483 70 474 71 473 72 475 73 478 68 484 6 486 3 361 4 481 65 487 69 477 77 476 66 479 67 489 5 334 7 371 11 427 80 485 79 426 18 394 74 467 75 468 89 466 90 27 91 39 92 26 87 470 76 472 82 488 19 429 81 455 78 480 16 420 17 454 95 469 88 471 83 425 15 400 61 441 62 453 14 347 2 177 36 108 38 102 37 103 31 94 28 96 452 60 383 13 372 84 440 85 451 98 482 97 465 100 464 99 462 105 450 12 213 51 225 52 393 56 378 63 439 59 360 55 365 58 346 48 315 57 409 86 438 104 463 101 29 110 33 117 35 142 34 150 50 156 47 331 49 319 54 353 53 419 115 449 106 448 107 458 111 461 109 30 113 32 182 43 306 42 338 45 287 46 327 44 274 41 195 40 164 23 123 22 114 459 112 447 121 437 127 418 120 436 116 446 118 445 125 387 64 375 138 401 124 435 119 460 122 444 128 434 131 417 126 443 130 433 132 432 129 24 137 25 157 21 176 398 140 422 133 457 134 416 148 379 135 402 144 386 136 415 154 362 162 314 20 269 160 366 169 350 153 403 139 456 141 442 143 414 145 404 151 354 172 301 170 335 180 273 174 343 158 405 146 413 147 412 155 406 159 407 149 431 161 323 189 310 223 192 391 194 421 187 300 198 268 238 234 253 265 191 384 167 428 152 430 166 411 173 330 175 318 209 299 200 302 224 264 179 339 165 424 163 390 190 304 204 276 199 381 186 397 168 423 185 355 193 307 215 252 208 286 188 385 178 399 184 392 171 408 181 410 203 239 251 297 231 254 263 221 285 197 374 196 382 183 396 202 389 201 395 205 388 206 368 236 267 250 229 295 214 377 207 380 212 369 219 333 262 341 220 370 218 344 249 271 284 235 294 217 373 210 364 211 376 216 367 222 358 230 311 275 261 325 248 351 247 340 260 357 226 363 232 348 246 324 283 296 293 240 312 233 359 228 356 227 349 237 342 259 316 282 266 292 336 245 352 241 345 244 322 258 329 257 309 281 270 321 242 337 243 332 256 317 291 277 328 255 326 272 280 298 290 278 279 289 308 313 320 305 288 303 0 





