--------------------- Folder: d657 ---------------------
Time taken to read the file: 0.01122 seconds
-----------
Time taken to execute: 1800.05 seconds
Memory taken to execute: 4180 kilobytes
Best cost: 1.23547e+06
Cuts count: 0
Leaf node was reached
Solution path: 0 621 1 623 2 604 3 593 10 609 4 614 8 603 9 599 5 646 438 645 399 644 416 643 420 648 371 647 437 642 409 641 390 652 269 653 237 649 347 640 439 637 391 636 341 650 141 656 6 590 11 625 12 624 7 619 33 611 117 655 231 654 131 587 78 579 60 588 64 575 138 651 345 638 361 639 372 634 421 635 398 630 289 627 235 626 163 585 53 612 32 427 14 617 24 594 36 602 35 618 15 620 21 622 39 616 41 597 156 572 210 629 335 632 415 631 404 633 322 536 400 534 436 537 389 535 422 532 317 628 298 569 238 568 262 562 290 561 307 545 340 538 346 540 323 552 230 584 129 576 79 613 16 408 17 615 20 426 13 596 128 583 130 577 142 571 164 591 116 608 68 610 45 606 44 605 63 573 162 564 239 546 271 544 253 541 397 539 435 531 430 533 388 529 324 547 220 560 261 548 190 563 196 565 137 595 73 601 77 607 18 393 444 418 19 428 447 383 28 600 84 582 101 578 74 598 49 356 445 381 446 434 443 429 448 433 530 370 523 334 553 263 558 206 554 234 549 264 542 303 543 218 550 299 524 432 525 431 527 423 522 364 526 424 521 425 450 417 22 337 54 589 93 574 155 555 172 586 132 581 178 557 185 566 168 551 293 556 209 570 197 279 50 355 441 380 440 411 449 419 451 412 452 413 453 407 442 375 23 360 29 306 98 592 97 246 140 257 115 331 40 354 27 382 25 406 473 414 520 405 474 410 456 402 454 403 455 401 519 348 517 342 518 387 516 349 477 386 457 395 458 392 26 343 91 297 195 229 191 202 186 266 180 201 198 567 199 280 65 330 30 367 462 394 463 384 464 396 475 377 459 385 460 379 466 376 461 374 468 362 52 296 57 336 48 319 102 258 181 273 72 302 59 353 31 344 469 363 34 378 476 369 478 308 513 288 559 217 580 187 194 240 512 309 515 321 514 325 528 287 511 165 200 114 295 85 301 55 338 37 368 465 373 467 365 479 350 481 292 509 275 183 118 265 69 352 38 366 42 359 46 329 43 332 58 316 103 281 119 213 157 173 236 510 248 508 294 484 358 480 351 470 357 47 339 51 328 61 315 92 278 113 285 86 314 99 245 204 212 225 500 326 489 320 485 310 487 254 495 327 472 333 471 318 488 311 492 260 501 232 503 215 182 169 216 171 222 139 205 148 159 170 189 161 282 66 313 70 286 62 312 482 305 486 300 490 304 56 283 71 267 120 203 147 133 241 507 251 502 268 493 247 499 276 483 291 67 274 90 256 104 174 221 136 252 491 270 494 284 496 227 504 214 126 154 160 149 193 177 125 208 498 277 80 272 75 244 105 233 81 259 497 255 76 250 87 242 83 243 82 249 88 219 506 184 135 179 152 121 211 112 228 95 226 505 224 89 223 94 207 124 158 127 166 145 106 175 122 188 107 192 100 176 96 144 150 109 153 108 143 167 151 146 134 123 110 111 0 





