--------------------- Folder: fl417 ---------------------
Time taken to read the file: 0.004789 seconds
-----------
Time taken to execute: 1800.02 seconds
Memory taken to execute: 6256 kilobytes
Best cost: 772186
Cuts count: 1024626
Leaf node was reached
Solution path: 0 399 175 387 199 400 173 357 197 401 176 379 200 358 171 388 195 389 174 359 198 402 169 360 193 403 172 361 196 404 167 380 191 405 170 406 194 381 165 407 189 362 168 390 163 382 192 363 187 391 166 364 161 392 190 365 185 366 164 226 159 202 188 228 183 204 162 367 157 225 186 230 181 206 160 201 155 227 179 232 184 203 158 208 153 229 182 234 177 205 156 210 180 231 154 236 178 207 318 212 317 238 316 233 315 214 338 209 314 240 337 235 326 216 336 242 313 211 325 237 356 218 355 244 324 213 354 239 312 220 311 246 353 215 310 222 352 241 309 248 335 217 323 224 351 243 334 219 308 245 333 221 350 247 349 223 348 296 297 294 298 272 319 295 327 292 339 270 299 293 340 271 300 290 328 268 341 291 301 269 329 288 342 266 320 289 343 267 302 286 344 264 321 287 345 265 303 284 322 262 346 285 330 263 347 282 304 260 305 283 331 261 332 280 306 258 307 281 105 278 107 259 129 256 106 276 109 279 131 257 108 254 111 277 130 274 133 252 110 255 113 275 132 253 135 250 112 273 115 251 134 249 137 378 117 398 114 377 139 397 119 416 136 376 116 396 141 375 121 415 138 386 118 414 143 374 123 413 140 385 120 412 125 411 145 373 142 384 122 395 127 410 147 394 144 409 124 372 149 393 126 371 146 383 151 408 128 370 148 369 150 368 152 103 4 104 7 101 1 102 9 100 2 98 3 97 8 99 5 92 6 93 18 71 37 88 17 89 10 91 14 95 11 94 15 86 12 90 13 96 16 85 22 80 19 87 21 76 23 81 24 82 20 83 25 72 27 84 28 75 29 78 26 79 30 77 31 68 35 61 33 64 32 53 34 54 36 67 40 59 47 39 49 65 42 69 38 74 45 66 48 73 51 62 43 70 44 46 50 56 60 63 58 57 55 52 41 0 





