--------------------- Folder: gil262 ---------------------
Time taken to read the file: 0.002102 seconds
-----------
Time taken to execute: 1800.01 seconds
Memory taken to execute: 4948 kilobytes
Best cost: 38428.7
Cuts count: 5155
Leaf node was reached
Solution path: 0 158 228 126 138 39 201 146 70 133 30 157 230 244 154 16 231 23 204 59 220 109 128 40 105 148 120 85 188 246 247 150 88 93 166 87 219 211 64 239 149 49 152 118 12 217 8 76 35 106 182 183 57 90 205 116 52 97 129 209 60 19 67 54 75 102 69 46 107 112 34 41 238 193 86 196 153 167 141 200 98 79 243 174 33 65 191 25 259 229 44 82 13 227 108 89 226 210 177 48 28 233 50 253 77 208 258 114 31 144 237 143 147 186 169 92 113 181 9 94 130 187 56 27 202 45 252 160 216 142 123 91 11 66 32 96 132 173 256 47 1 215 100 155 213 257 255 99 55 3 225 137 131 4 254 136 195 172 127 26 178 192 62 194 179 10 80 135 20 175 185 241 151 240 199 260 22 17 251 190 104 78 235 29 110 261 58 18 161 71 74 184 170 53 119 124 21 63 159 234 163 224 207 81 250 156 6 37 139 222 245 42 171 232 206 84 203 221 197 180 72 168 165 218 95 198 223 43 162 24 121 140 248 36 249 164 176 73 14 103 38 212 51 111 101 214 61 5 68 125 236 115 134 145 83 242 15 2 117 122 189 7 0 





