--------------------- Folder: kroB200 ---------------------
Time taken to read the file: 0.001143 seconds
-----------
Time taken to execute: 1800 seconds
Memory taken to execute: 256 kilobytes
Best cost: 482447
Cuts count: 3387760
Leaf node was reached
Solution path: 0 43 27 147 128 129 90 101 92 199 157 40 121 50 197 194 69 30 148 155 66 47 196 127 38 62 72 191 10 91 96 18 84 150 98 118 52 186 169 125 39 120 4 111 131 146 116 16 2 136 75 134 7 95 135 35 28 44 58 161 166 77 189 12 188 154 193 14 61 109 110 81 141 108 9 1 174 17 31 23 67 32 99 5 25 41 68 63 55 119 122 104 94 15 97 159 106 152 173 76 85 124 149 13 100 3 80 82 48 182 137 105 20 102 89 139 165 181 112 65 178 132 78 144 187 167 74 117 133 158 11 192 160 143 171 22 34 21 156 46 113 29 86 180 49 107 54 70 103 60 170 130 123 198 126 184 151 88 19 164 64 177 87 175 142 45 163 37 42 79 73 140 59 183 179 138 26 176 8 190 24 153 145 195 36 93 172 56 162 71 114 53 115 51 185 6 83 57 168 33 0 





