--------------------- Folder: kroB150 ---------------------
Time taken to read the file: 0.001004 seconds
-----------
Time taken to execute: 1800 seconds
Memory taken to execute: 624 kilobytes
Best cost: 374050
Cuts count: 8360601
Leaf node was reached
Solution path: 0 42 81 55 51 57 86 33 149 147 10 87 83 100 6 4 77 118 126 97 127 108 95 89 50 27 134 37 145 38 102 144 47 24 62 70 8 128 25 85 15 123 43 16 143 113 96 107 65 125 119 132 60 93 31 130 116 75 131 94 36 122 23 120 141 138 136 110 28 71 80 105 135 7 44 111 32 112 91 21 99 82 17 90 45 69 124 49 18 61 104 137 9 74 98 133 56 41 73 54 35 19 72 63 117 52 20 48 101 140 53 13 5 142 22 92 148 2 109 58 84 121 11 34 39 1 3 46 68 66 88 78 40 14 67 26 29 12 30 103 146 64 129 106 79 76 114 139 59 115 0 





