--------------------- Folder: linhp318 ---------------------
Time taken to read the file: 0.002729 seconds
-----------
Time taken to execute: 1800.01 seconds
Memory taken to execute: 4676 kilobytes
Best cost: 848066
Cuts count: 0
Leaf node was reached
Solution path: 0 309 1 303 5 304 6 296 9 297 10 274 21 317 100 213 101 214 96 222 95 223 91 243 90 244 84 247 81 269 20 275 14 308 2 307 28 270 315 248 82 218 77 226 83 217 92 227 70 234 67 225 66 235 76 212 97 210 98 211 85 228 78 233 71 236 316 299 102 298 30 279 31 284 29 290 19 283 22 311 11 310 7 302 27 278 18 306 8 204 23 285 26 289 32 282 39 251 48 262 58 246 75 221 79 215 206 108 99 216 205 109 88 229 72 245 63 252 54 255 49 261 47 272 44 267 55 250 104 232 89 219 94 220 80 237 74 312 73 224 201 105 305 15 301 17 295 24 300 106 198 3 199 4 288 25 286 16 281 103 271 46 263 50 256 53 260 43 266 56 253 68 242 69 230 93 231 200 117 196 110 203 111 202 107 195 238 61 239 52 293 35 294 114 292 40 273 42 291 12 287 115 191 13 277 45 314 51 313 57 240 87 118 197 112 86 241 62 257 41 276 36 280 119 192 113 189 116 194 125 193 207 190 121 187 120 186 122 188 129 182 138 65 254 64 259 34 264 126 169 133 185 124 179 127 184 123 183 128 181 130 180 132 178 131 176 249 175 139 172 265 33 268 135 170 134 177 136 174 137 173 258 60 142 171 143 59 164 38 165 37 167 140 168 141 163 146 153 166 144 162 208 209 145 160 147 159 150 152 154 158 161 157 156 155 151 148 149 0 





