--------------------- Folder: p654 ---------------------
Time taken to read the file: 0.009986 seconds
-----------
Time taken to execute: 1800.06 seconds
Memory taken to execute: 60464 kilobytes
Best cost: 3.24687e+06
Cuts count: 6923
Leaf node was reached
Solution path: 0 489 490 485 491 488 492 481 532 484 520 487 548 477 533 480 493 483 494 473 549 486 495 476 534 479 550 469 496 482 521 472 535 475 497 465 551 478 522 468 552 471 498 461 553 464 523 474 499 457 554 467 500 460 524 470 555 453 536 463 556 456 501 466 502 449 557 459 537 452 525 462 558 445 538 455 503 448 504 441 539 458 106 451 110 444 107 437 114 454 111 447 118 440 108 433 559 450 115 443 122 436 112 429 119 446 126 439 109 432 116 425 123 442 130 435 113 428 120 421 127 438 134 431 117 424 124 417 131 427 138 434 121 420 128 413 135 430 142 409 125 423 132 416 139 419 146 405 129 426 136 412 143 401 150 422 133 415 140 408 154 397 147 404 137 418 144 411 151 400 158 407 141 414 148 396 155 403 162 410 166 399 152 406 145 395 159 402 170 398 156 394 163 653 149 629 174 601 167 652 160 628 153 600 178 613 171 651 164 627 182 650 157 599 175 626 168 649 186 598 161 648 179 612 172 597 190 647 183 611 165 596 194 646 176 645 187 610 169 625 198 595 180 609 191 644 173 594 184 624 195 643 177 593 188 623 199 592 181 608 192 622 196 642 185 591 189 590 200 589 193 588 197 587 201 630 294 614 290 615 295 631 286 572 291 573 296 632 282 602 287 574 292 616 278 575 297 15 283 576 288 633 274 617 293 577 279 603 284 634 270 578 289 635 275 579 280 604 266 636 271 637 285 605 262 638 276 580 267 618 281 606 258 581 272 639 263 582 277 619 254 640 268 583 259 620 250 584 273 607 264 621 255 641 246 301 269 585 260 305 251 300 242 309 265 304 256 313 247 586 238 299 261 308 252 317 243 303 234 312 257 321 248 298 239 307 230 316 253 325 244 302 235 311 226 320 249 329 240 306 231 315 222 324 236 333 245 310 227 319 218 328 241 337 214 314 232 323 223 332 228 341 210 318 237 327 219 336 206 345 233 322 105 331 215 340 224 349 202 353 211 326 220 335 229 344 207 339 216 330 225 348 203 357 212 334 221 361 208 343 217 352 204 365 213 338 209 356 205 347 519 369 518 360 571 351 547 342 517 373 531 364 516 355 546 346 515 377 545 368 570 359 530 381 514 350 544 372 569 363 513 385 529 354 568 376 567 389 512 367 528 380 566 358 511 393 510 371 527 384 565 362 543 375 509 388 508 366 564 379 507 392 506 370 563 383 526 374 505 387 542 378 541 391 562 382 540 386 561 390 560 16 74 17 77 18 82 20 84 25 88 19 90 23 93 24 83 57 79 49 78 55 75 54 87 26 98 30 96 38 97 37 95 45 86 52 80 53 91 33 101 27 99 31 94 47 76 58 104 14 72 1 68 2 66 100 32 85 48 73 43 89 41 81 44 92 22 3 21 102 59 103 60 71 56 69 50 70 51 67 4 65 46 63 42 5 28 6 40 62 39 7 36 64 35 8 13 29 34 61 11 10 12 9 0 





