--------------------- Folder: pcb442 ---------------------
Time taken to read the file: 0.005782 seconds
-----------
Time taken to execute: 1800.02 seconds
Memory taken to execute: 1180 kilobytes
Best cost: 1.11832e+06
Cuts count: 0
Leaf node was reached
Solution path: 0 374 441 373 33 372 1 337 65 371 34 336 2 370 66 335 35 426 102 369 3 334 113 431 67 368 4 367 36 333 101 306 125 332 68 366 5 365 37 331 135 383 340 376 341 32 278 375 345 31 280 97 275 64 427 30 346 29 347 63 272 382 268 96 281 95 348 28 432 62 307 379 265 112 237 124 233 134 226 147 238 378 308 27 349 61 338 94 439 93 350 26 309 60 276 159 404 170 148 436 160 219 171 209 184 183 399 198 269 435 282 25 351 59 425 92 273 111 270 123 279 24 310 58 339 91 283 100 311 23 352 22 353 57 342 21 354 6 344 38 364 69 330 440 274 385 236 103 305 7 363 39 362 8 329 70 328 40 361 9 430 71 304 114 264 126 225 136 413 149 422 386 419 161 410 400 133 266 146 239 158 405 169 234 182 227 197 172 409 185 271 72 327 41 360 10 359 11 358 12 357 20 355 56 284 90 312 89 285 55 433 19 356 18 434 13 343 42 303 73 326 43 302 74 437 388 267 150 415 173 208 395 218 398 263 44 325 14 429 15 428 16 313 88 286 54 314 53 315 17 316 87 287 52 317 51 288 86 289 377 318 50 324 45 301 75 300 46 323 47 322 48 321 49 319 85 290 110 240 122 241 132 406 145 242 157 243 168 151 262 115 299 76 298 77 320 78 297 79 296 80 291 84 292 83 293 82 294 81 295 98 421 391 235 186 181 423 109 420 381 424 380 244 121 245 196 402 207 137 261 104 418 99 277 438 246 131 210 217 174 260 116 259 105 258 127 412 220 195 228 120 247 384 414 108 248 144 211 206 392 411 138 257 106 416 119 249 390 229 156 221 194 152 205 162 403 117 256 107 417 118 250 143 212 167 199 180 187 216 175 204 139 408 128 255 387 251 130 252 129 254 140 407 153 193 163 253 142 230 389 222 155 213 166 396 232 141 224 164 215 176 192 200 179 401 191 188 203 154 231 393 223 165 394 178 177 397 190 202 214 189 201 0 





