--------------------- Folder: pr124 ---------------------
Time taken to read the file: 0.000672 seconds
-----------
Time taken to execute: 1800 seconds
Memory taken to execute: 264 kilobytes
Best cost: 978902
Cuts count: 11688037
Leaf node was reached
Solution path: 0 104 3 105 2 106 4 107 1 108 5 109 7 110 31 111 30 112 29 113 6 103 33 102 26 122 12 123 11 121 10 120 13 99 50 98 9 119 8 97 49 96 14 95 48 118 15 117 47 94 46 93 16 116 45 92 17 115 18 114 19 91 51 79 52 78 44 77 43 76 88 63 87 67 101 27 100 28 89 62 42 75 41 74 53 73 20 72 40 71 86 68 85 69 21 70 22 90 32 84 34 81 24 80 38 83 23 82 37 66 39 64 58 60 61 65 59 57 56 55 54 36 25 35 0 





