--------------------- Folder: pr136 ---------------------
Time taken to read the file: 0.000866 seconds
-----------
Time taken to execute: 1800 seconds
Memory taken to execute: 188 kilobytes
Best cost: 1.19252e+06
Cuts count: 10505835
Leaf node was reached
Solution path: 0 132 17 123 4 114 5 124 29 102 51 3 118 12 131 21 130 11 106 33 84 34 135 10 107 22 119 2 117 23 129 13 105 46 97 55 72 67 38 101 28 125 16 113 18 133 6 112 30 89 63 80 39 68 62 90 27 122 7 126 1 115 15 127 19 103 37 79 96 45 73 56 98 20 128 9 134 8 108 32 120 24 109 44 85 57 83 35 116 25 104 14 111 26 91 50 78 52 100 64 88 71 47 95 54 74 66 40 110 31 121 41 81 61 69 60 92 36 77 94 43 75 58 70 86 82 99 87 93 76 59 42 48 65 53 49 0 





