--------------------- Folder: pr144 ---------------------
Time taken to read the file: 0.000798 seconds
-----------
Time taken to execute: 1800 seconds
Memory taken to execute: 0 kilobytes
Best cost: 1.1465e+06
Cuts count: 6419432
Leaf node was reached
Solution path: 0 119 3 118 2 117 30 116 31 115 4 121 5 120 1 122 10 142 11 143 9 141 8 140 6 139 12 138 7 137 13 136 18 135 14 134 15 133 19 132 16 131 17 130 41 128 32 123 27 124 33 125 28 126 29 127 26 129 25 114 40 113 20 112 43 111 42 110 44 48 91 24 94 34 95 23 92 35 93 21 96 22 97 49 90 50 70 51 71 109 38 106 39 105 37 108 36 100 52 72 53 98 54 73 55 74 56 89 57 75 85 69 107 68 104 67 103 66 84 65 83 76 82 77 45 99 46 88 47 101 58 102 64 61 63 62 60 86 87 78 79 80 81 59 0 





