--------------------- Folder: pr152 ---------------------
Time taken to read the file: 0.000972 seconds
-----------
Time taken to execute: 1800 seconds
Memory taken to execute: 0 kilobytes
Best cost: 1.46549e+06
Cuts count: 410980
Leaf node was reached
Solution path: 0 138 15 139 35 140 34 141 33 142 1 137 14 116 31 136 2 117 32 134 7 151 8 149 16 125 17 124 9 150 39 123 6 126 18 127 20 122 19 148 10 147 5 129 21 146 4 130 11 128 22 131 3 145 13 144 36 143 29 135 30 133 12 132 28 118 26 121 24 120 23 119 25 92 107 48 84 47 108 49 109 75 83 73 38 93 40 76 106 37 105 27 104 74 85 72 59 94 60 50 61 91 62 46 63 115 58 77 57 114 41 95 82 90 103 45 110 51 86 52 111 71 81 70 102 69 87 78 42 96 56 97 64 98 65 68 101 53 100 44 66 89 113 112 99 79 88 80 67 55 54 43 0 





