--------------------- Folder: pr226 ---------------------
Time taken to read the file: 0.002034 seconds
-----------
Time taken to execute: 1800 seconds
Memory taken to execute: 1052 kilobytes
Best cost: 2.48659e+06
Cuts count: 2184810
Leaf node was reached
Solution path: 0 154 73 155 74 156 75 157 76 158 77 159 78 160 79 161 80 162 81 163 82 164 1 165 2 166 83 167 84 168 3 169 72 170 85 153 4 171 5 172 6 173 7 174 8 175 9 176 13 177 14 178 10 152 11 151 71 150 12 179 70 180 15 181 16 182 67 183 17 184 66 185 68 186 18 187 69 188 22 225 39 224 38 223 37 222 34 221 33 220 29 219 41 218 36 217 28 216 26 215 25 214 35 213 24 212 30 211 31 210 23 209 43 208 21 207 27 206 32 204 44 205 47 203 40 202 45 201 20 199 48 200 42 198 46 197 19 189 64 191 49 196 50 195 51 194 52 193 53 192 54 190 55 124 86 123 88 122 87 121 89 131 94 120 90 119 91 129 95 130 96 118 92 128 93 126 97 127 98 125 99 110 149 65 147 111 148 112 146 113 142 102 144 114 145 115 141 104 140 103 143 116 139 117 138 105 137 106 136 107 101 108 100 109 56 132 133 134 135 62 61 60 59 58 57 63 0 





