--------------------- Folder: pr264 ---------------------
Time taken to read the file: 0.002601 seconds
-----------
Time taken to execute: 1800.01 seconds
Memory taken to execute: 2080 kilobytes
Best cost: 1.76234e+06
Cuts count: 2558593
Leaf node was reached
Solution path: 0 261 51 260 50 262 49 259 52 199 55 258 46 202 53 200 47 256 54 201 48 257 126 197 56 203 125 254 57 255 45 196 127 198 124 204 121 205 44 253 43 252 122 132 123 195 42 192 58 206 40 263 2 231 1 232 3 233 4 228 5 230 83 150 81 229 8 235 7 234 82 151 6 227 9 152 84 226 10 153 85 156 80 155 11 149 86 154 79 148 14 157 13 225 77 158 90 159 15 236 16 237 20 239 21 240 39 250 41 251 38 249 37 208 33 246 32 248 34 245 27 243 26 238 12 160 78 223 19 241 22 242 31 247 36 209 28 244 25 222 17 224 76 219 18 218 23 216 35 207 60 189 30 212 29 213 24 210 61 193 59 190 64 188 62 211 65 214 73 221 75 161 87 162 91 220 72 217 69 215 68 183 120 133 119 194 63 187 115 191 66 182 67 167 89 163 74 168 96 147 92 164 71 173 70 176 97 166 88 146 95 169 102 177 114 184 116 134 118 186 109 181 108 178 103 172 98 165 93 145 94 144 101 175 113 185 110 135 117 180 107 170 104 171 99 174 100 179 112 136 111 137 106 105 129 130 131 138 139 140 141 142 143 128 0 





