--------------------- Folder: pr299 ---------------------
Time taken to read the file: 0.002562 seconds
-----------
Time taken to execute: 1800.01 seconds
Memory taken to execute: 2896 kilobytes
Best cost: 1.1163e+06
Cuts count: 0
Leaf node was reached
Solution path: 0 256 3 257 2 183 148 55 297 53 295 54 149 116 150 113 296 115 146 181 1 182 151 180 147 179 5 258 4 184 152 114 293 118 153 119 144 255 154 117 294 52 292 51 145 185 91 259 6 253 92 261 143 260 7 254 155 121 214 50 291 49 213 120 289 48 290 47 288 46 287 123 8 263 9 262 10 251 142 252 11 264 156 124 286 43 216 125 13 265 12 266 87 177 88 186 141 174 212 175 157 176 215 44 217 45 211 122 90 267 89 187 140 188 85 247 14 248 15 178 158 126 221 56 285 40 220 42 218 38 208 112 219 111 284 57 209 170 84 249 16 243 93 171 138 189 86 250 18 172 95 173 139 110 159 59 207 39 283 41 223 60 210 127 160 244 17 245 20 191 94 190 96 246 19 269 22 192 82 168 97 193 83 194 98 195 23 268 21 270 24 242 80 169 206 58 279 36 222 37 282 35 280 109 203 108 204 107 225 34 224 105 205 61 281 31 277 30 278 32 226 106 298 64 99 241 78 238 81 271 25 240 100 239 79 237 26 272 27 274 29 275 62 230 33 276 65 228 63 229 104 202 67 232 28 273 74 236 101 235 75 234 76 233 71 231 66 227 68 199 73 197 72 198 70 201 69 161 196 77 166 137 167 135 200 102 165 131 164 134 132 128 103 129 130 133 163 162 136 0 





