--------------------- Folder: pr439 ---------------------
Time taken to read the file: 0.005159 seconds
-----------
Time taken to execute: 1800.02 seconds
Memory taken to execute: 8188 kilobytes
Best cost: 2.60497e+06
Cuts count: 0
Leaf node was reached
Solution path: 0 430 436 132 437 131 435 167 433 130 434 166 438 169 431 17 432 96 425 97 429 19 426 95 423 129 424 127 408 164 409 94 407 168 410 98 421 18 422 20 411 163 402 165 412 128 395 126 283 428 84 427 83 417 82 416 3 404 2 403 226 401 227 208 282 252 343 207 396 162 394 170 228 253 225 206 397 124 406 22 419 21 405 23 420 66 392 125 393 171 383 133 382 205 342 250 185 254 341 251 370 172 371 173 381 99 398 122 372 134 391 123 390 161 380 100 418 6 415 5 414 4 413 65 374 135 281 315 148 316 1 399 7 400 51 317 50 318 49 387 8 386 45 314 340 249 280 248 373 204 186 255 48 319 47 320 52 256 53 313 46 257 229 247 54 312 44 385 9 321 42 322 40 311 43 258 55 246 187 209 224 210 41 323 10 384 12 389 67 388 24 379 93 378 92 339 203 230 202 284 160 279 174 285 201 286 136 375 68 376 91 344 159 231 245 39 310 11 324 13 325 38 259 81 309 14 377 15 260 80 211 188 212 37 308 36 261 79 244 35 307 16 326 34 327 33 366 32 367 56 243 78 262 57 306 31 368 27 345 121 346 119 347 64 348 116 349 69 350 101 352 120 287 175 288 200 351 90 353 70 354 26 355 25 357 28 369 29 364 59 328 58 242 77 213 85 263 60 330 61 365 30 363 76 241 75 329 74 331 86 214 289 137 356 89 358 71 290 158 291 118 292 114 360 62 362 63 361 72 359 88 337 87 336 73 303 105 338 104 335 103 334 102 333 106 332 117 293 115 294 113 295 138 296 107 302 108 305 109 264 110 304 111 265 145 298 139 297 112 299 140 278 157 277 176 276 199 275 141 274 156 273 155 272 143 301 146 266 147 267 144 300 142 270 151 269 150 268 152 271 154 233 177 223 198 184 240 149 238 153 232 178 222 197 189 215 183 239 181 234 180 235 179 236 182 237 191 216 190 217 196 195 194 193 192 218 219 220 221 0 





