--------------------- Folder: rat195 ---------------------
Time taken to read the file: 0.001148 seconds
-----------
Time taken to execute: 1800 seconds
Memory taken to execute: 2376 kilobytes
Best cost: 32963.1
Cuts count: 442396
Leaf node was reached
Solution path: 0 193 2 194 1 192 3 190 8 183 10 182 11 184 9 187 7 186 12 185 4 191 5 188 6 189 23 170 24 169 25 171 22 173 18 181 13 180 14 178 15 179 16 175 20 172 21 174 19 176 17 177 26 168 27 166 28 167 31 158 38 156 37 157 35 159 33 161 34 160 36 162 30 164 29 165 39 155 40 154 52 152 32 163 50 143 51 144 49 145 47 150 41 153 42 151 43 149 46 146 45 147 48 131 64 130 63 132 62 133 44 142 53 140 55 141 54 129 65 128 66 139 56 148 60 117 77 118 76 104 90 78 116 91 103 79 138 58 136 61 135 59 137 57 134 74 119 75 105 89 92 102 67 127 68 115 80 114 93 88 120 73 121 70 124 69 125 71 122 72 123 81 126 82 113 106 101 107 87 108 85 109 84 112 94 110 111 100 99 86 98 97 95 96 83 0 





