--------------------- Folder: rat575 ---------------------
Time taken to read the file: 0.008348 seconds
-----------
Time taken to execute: 1800.04 seconds
Memory taken to execute: 3012 kilobytes
Best cost: 166671
Cuts count: 0
Leaf node was reached
Solution path: 0 572 1 573 2 574 24 570 5 571 3 550 6 551 23 569 8 552 22 553 21 554 20 555 45 557 16 530 17 529 19 531 44 532 18 556 41 558 9 568 4 565 7 566 13 559 42 533 40 560 14 562 11 561 15 534 43 507 68 506 39 563 12 567 26 546 25 549 29 544 10 564 33 538 34 535 38 539 32 545 27 548 47 528 46 526 28 547 30 542 31 541 51 527 48 505 49 524 52 525 69 503 71 523 35 536 67 508 66 509 91 537 36 540 37 512 65 510 63 516 57 543 56 514 58 517 61 486 64 484 62 511 60 488 88 483 89 460 90 487 114 485 86 513 55 519 50 501 72 502 70 504 73 522 54 520 53 521 92 482 93 500 76 518 59 515 85 491 112 461 87 492 79 495 75 480 115 481 116 479 74 499 77 497 78 494 81 489 113 437 137 462 111 490 82 493 83 498 95 458 94 457 96 477 97 496 80 468 84 465 109 463 110 438 160 464 136 439 135 414 159 415 134 469 99 478 98 476 118 459 117 456 119 474 105 473 101 475 100 453 122 452 102 467 108 466 133 442 106 441 107 445 103 471 104 472 125 470 130 416 157 440 158 443 131 444 128 451 138 436 140 434 139 435 161 413 120 455 141 454 123 449 124 447 132 446 129 450 121 433 162 390 184 412 142 432 143 431 163 388 164 411 144 429 146 448 127 418 182 391 183 368 206 392 181 417 154 419 156 393 205 369 228 345 229 322 180 395 155 422 126 423 150 426 145 430 165 410 166 427 147 428 148 425 153 420 179 394 204 371 203 346 252 299 298 230 367 207 389 208 366 185 387 186 409 167 407 168 424 152 421 151 396 178 397 177 398 149 405 169 406 187 386 188 408 209 344 253 321 276 275 323 251 347 202 370 227 372 201 374 172 401 171 404 170 399 175 400 176 373 200 348 274 300 297 254 343 232 365 231 320 277 273 324 250 301 319 255 342 210 364 189 363 211 385 191 403 174 376 173 402 193 383 190 362 233 318 278 296 325 225 349 226 326 249 302 248 350 224 375 198 381 192 384 212 341 234 340 235 360 194 380 195 379 199 351 223 352 197 377 196 382 213 339 256 295 279 272 303 271 327 247 304 270 280 317 257 361 214 359 216 378 220 353 221 328 222 354 246 281 294 258 316 236 358 215 336 218 355 219 356 217 357 242 332 245 329 269 305 293 259 338 237 337 238 335 240 333 244 330 243 306 268 282 315 260 314 283 292 307 267 331 266 334 239 312 261 313 284 291 308 241 311 264 309 265 310 290 289 288 287 286 285 262 263 0 





