--------------------- Folder: rd400 ---------------------
Time taken to read the file: 0.004087 seconds
-----------
Time taken to execute: 1800.02 seconds
Memory taken to execute: 24408 kilobytes
Best cost: 307417
Cuts count: 1594407
Leaf node was reached
Solution path: 0 373 345 350 378 321 229 291 212 276 341 77 48 301 57 324 118 207 35 197 135 371 278 85 183 282 97 182 153 143 322 45 5 171 270 266 71 133 34 181 190 162 15 24 360 28 206 368 392 196 2 94 145 199 372 330 188 52 115 397 389 307 92 173 9 388 241 355 30 186 124 189 331 84 313 158 194 358 131 83 134 380 329 311 352 86 265 242 386 64 244 191 223 232 58 304 205 187 150 137 287 176 239 375 23 130 288 261 347 13 277 51 339 254 365 10 151 31 17 47 216 122 363 46 69 159 80 123 295 362 155 271 40 140 399 42 53 11 18 125 305 220 88 320 383 149 63 240 6 139 252 393 99 179 361 49 22 364 253 203 72 70 4 342 211 152 279 126 259 113 381 391 280 184 387 76 26 12 293 297 93 106 234 195 332 67 323 41 170 172 62 394 175 198 222 233 217 267 296 283 376 314 227 286 344 82 328 209 61 73 340 60 315 32 390 169 316 317 16 27 356 79 87 225 224 208 260 264 251 249 210 268 204 377 66 247 117 218 395 398 100 318 141 90 349 148 59 258 121 243 336 101 1 161 292 337 319 193 68 104 163 354 185 230 166 219 154 36 262 74 327 290 25 302 75 96 112 228 326 174 250 334 129 192 310 7 343 312 147 382 138 348 157 144 275 309 20 333 14 369 116 325 235 105 50 298 237 384 231 102 164 56 281 81 201 269 300 142 29 379 396 180 306 43 109 127 359 78 353 89 95 308 178 177 273 335 98 128 385 119 103 215 367 284 19 213 110 246 165 346 107 374 299 54 338 37 156 120 226 257 214 285 256 236 91 167 136 263 221 108 114 39 272 238 55 245 303 111 38 370 294 65 33 21 160 366 255 168 44 248 132 351 289 146 357 202 274 8 200 3 0 





