--------------------- Folder: ts225 ---------------------
Time taken to read the file: 0.001501 seconds
-----------
Time taken to execute: 1800 seconds
Memory taken to execute: 1940 kilobytes
Best cost: 2.30074e+06
Cuts count: 31366
Leaf node was reached
Solution path: 0 124 1 123 125 224 126 223 2 122 3 121 127 222 128 221 129 220 4 120 5 119 6 118 7 117 8 100 24 101 23 204 145 203 146 102 22 103 21 202 147 201 148 200 149 104 20 105 19 106 18 107 17 108 16 209 140 75 49 179 170 178 171 76 48 177 172 176 99 25 199 150 198 151 98 26 197 152 196 153 195 154 74 175 173 50 174 77 47 208 15 109 14 110 13 116 130 219 9 115 10 114 11 113 12 111 141 112 135 214 131 218 27 97 28 96 132 217 133 216 29 95 51 73 52 72 78 46 207 142 206 143 79 45 80 44 205 144 213 136 212 137 215 134 94 30 93 31 92 32 194 53 71 54 70 81 43 82 42 184 165 183 166 83 138 211 139 210 33 91 155 193 156 192 157 69 55 167 182 41 84 40 85 39 86 34 90 35 89 36 88 37 87 38 189 160 181 168 180 169 56 191 158 190 159 68 57 67 58 66 59 65 60 161 188 64 63 187 186 185 61 62 164 163 162 0 





