--------------------- Folder: u159 ---------------------
Time taken to read the file: 0.000919 seconds
-----------
Time taken to execute: 1800 seconds
Memory taken to execute: 260 kilobytes
Best cost: 648742
Cuts count: 3669127
Leaf node was reached
Solution path: 0 59 158 60 2 58 1 61 3 64 5 63 4 65 151 66 25 104 26 103 23 102 24 101 27 105 22 100 21 99 20 98 15 97 19 96 16 84 11 83 14 85 13 82 12 81 8 67 152 68 6 69 7 70 9 80 10 79 18 106 28 95 17 78 155 57 157 56 156 62 153 71 146 77 143 86 142 94 30 87 145 72 150 55 124 54 125 53 154 52 147 76 144 75 148 88 141 93 29 107 31 108 32 109 140 89 149 73 138 74 139 92 137 91 34 110 33 111 51 126 50 128 49 127 48 112 36 90 136 117 35 116 37 115 135 47 123 46 130 45 129 44 132 118 134 114 38 113 39 42 43 119 120 121 122 41 40 133 131 0 





