--------------------- Folder: u574 ---------------------
Time taken to read the file: 0.010816 seconds
-----------
Time taken to execute: 1800.04 seconds
Memory taken to execute: 48152 kilobytes
Best cost: 989861
Cuts count: 0
Leaf node was reached
Solution path: 0 343 571 342 572 345 570 347 573 344 569 346 568 348 567 340 566 370 565 350 128 437 129 438 127 436 63 439 64 435 126 428 62 429 65 434 61 354 48 368 47 369 49 351 50 353 51 349 1 341 2 339 564 338 563 366 52 367 46 355 60 430 66 431 67 427 68 433 71 356 57 352 3 371 53 363 54 365 45 337 44 373 56 357 59 426 70 432 130 423 72 422 75 425 58 362 74 358 73 424 69 421 125 444 132 440 131 445 124 411 76 359 77 361 43 364 562 336 561 372 560 374 4 335 5 375 55 360 114 412 115 420 133 490 134 491 123 443 116 413 113 414 78 410 117 416 135 489 136 446 137 442 118 417 122 419 119 415 112 409 80 377 6 334 559 330 556 379 7 376 8 333 557 378 555 331 9 380 79 407 81 408 97 418 121 406 120 441 139 452 138 447 96 404 82 405 42 332 558 329 554 268 41 381 40 403 98 400 140 495 142 488 141 451 99 448 100 401 111 402 83 382 39 384 38 383 110 399 95 487 143 494 145 493 144 492 101 449 102 450 84 393 85 392 37 326 551 328 553 327 550 267 36 266 552 269 10 385 109 454 107 453 104 486 146 485 147 455 103 398 108 397 106 391 86 386 35 387 549 325 548 324 547 323 546 322 11 270 545 265 105 394 88 396 87 389 34 388 33 390 89 395 94 457 148 484 150 483 149 482 290 496 289 498 298 500 291 497 288 499 318 542 320 540 321 12 319 541 317 539 309 538 310 502 297 501 296 503 299 504 302 537 271 543 272 32 264 28 459 93 460 92 456 158 458 157 467 151 481 156 468 91 255 90 461 27 254 29 260 30 263 544 316 536 300 535 315 13 273 31 256 160 462 159 471 161 466 155 464 162 470 152 480 168 505 292 507 303 508 301 534 312 533 311 528 313 529 314 532 308 531 274 19 259 18 257 163 472 167 469 154 465 153 463 26 258 25 262 17 275 530 294 509 287 506 293 510 295 511 304 479 169 478 170 477 286 513 285 476 171 473 166 514 305 526 307 525 306 527 276 16 261 14 277 15 278 20 279 22 253 24 474 164 475 165 512 172 515 173 516 174 517 284 519 281 221 282 220 191 23 252 21 251 212 250 218 190 219 280 524 283 522 175 518 176 520 179 521 180 246 213 192 217 193 214 189 216 249 215 247 177 245 181 523 178 244 182 243 209 201 211 248 210 200 183 202 187 222 188 223 194 229 196 228 195 224 186 225 184 242 185 226 197 232 198 230 199 231 203 208 241 207 240 206 227 237 238 204 205 239 236 235 234 233 0 





