--------------------- Folder: a280 ---------------------
Time taken to read the file: 0.006392478942871094 seconds
-----------
Time taken to execute: 1.2887763977050781 seconds
Memory taken to execute: 8.0 kilobytes
Best cost: 2975.114776582676
Solution path: [0, 4, 5, 275, 274, 273, 272, 271, 270, 15, 16, 17, 131, 18, 19, 130, 129, 20, 127, 128, 153, 154, 152, 155, 151, 150, 177, 176, 175, 180, 179, 178, 181, 182, 183, 184, 186, 185, 188, 187, 189, 190, 191, 192, 193, 200, 195, 194, 196, 197, 198, 144, 143, 199, 201, 202, 203, 204, 205, 206, 211, 212, 215, 216, 219, 220, 207, 208, 251, 254, 255, 247, 248, 249, 246, 243, 240, 242, 241, 239, 244, 238, 237, 230, 236, 231, 232, 235, 234, 233, 245, 250, 229, 228, 227, 226, 225, 224, 223, 222, 221, 218, 217, 214, 213, 210, 209, 252, 253, 256, 257, 258, 259, 260, 261, 262, 263, 264, 265, 137, 149, 148, 138, 147, 146, 141, 145, 142, 140, 139, 136, 266, 135, 267, 134, 268, 133, 269, 132, 126, 125, 124, 123, 122, 121, 120, 119, 118, 156, 157, 158, 159, 174, 160, 161, 162, 163, 164, 165, 166, 167, 168, 100, 169, 170, 171, 173, 172, 105, 106, 104, 103, 108, 88, 80, 89, 90, 91, 92, 93, 96, 95, 94, 97, 98, 99, 101, 102, 107, 109, 110, 113, 114, 116, 117, 115, 85, 84, 64, 83, 86, 112, 111, 87, 82, 81, 79, 78, 77, 76, 74, 75, 73, 72, 71, 70, 69, 66, 68, 67, 65, 63, 57, 56, 43, 44, 55, 54, 45, 46, 53, 52, 47, 48, 51, 50, 49, 58, 62, 61, 60, 59, 42, 41, 40, 39, 38, 37, 36, 34, 35, 33, 32, 30, 31, 29, 28, 27, 26, 25, 21, 24, 22, 23, 13, 12, 14, 11, 10, 9, 7, 8, 6, 276, 3, 278, 277, 2, 279, 1, 0]




