--------------------- Folder: bier127 ---------------------
Time taken to read the file: 0.0073587894439697266 seconds
-----------
Time taken to execute: 0.36871838569641113 seconds
Memory taken to execute: 36.0 kilobytes
Best cost: 132456.24599032826
Solution path: [0, 6, 104, 105, 14, 5, 107, 19, 3, 21, 20, 16, 17, 73, 72, 66, 67, 70, 69, 68, 109, 108, 87, 86, 85, 84, 95, 118, 62, 100, 101, 82, 81, 125, 80, 83, 116, 77, 75, 74, 79, 78, 76, 7, 71, 18, 22, 23, 8, 10, 113, 119, 12, 49, 114, 9, 2, 89, 115, 59, 61, 58, 60, 90, 57, 99, 63, 112, 124, 103, 88, 91, 98, 64, 65, 54, 123, 51, 4, 120, 56, 53, 44, 43, 102, 92, 126, 97, 96, 122, 94, 106, 110, 111, 93, 45, 117, 47, 48, 52, 46, 55, 50, 1, 15, 35, 40, 29, 13, 11, 30, 26, 42, 38, 41, 27, 121, 32, 31, 28, 24, 25, 37, 33, 39, 34, 36, 0]




