--------------------- Folder: ch130 ---------------------
Time taken to read the file: 0.002541780471801758 seconds
-----------
Time taken to execute: 0.23784732818603516 seconds
Memory taken to execute: 40.0 kilobytes
Best cost: 6752.275865213126
Solution path: [0, 38, 116, 111, 104, 61, 114, 27, 127, 15, 44, 75, 10, 4, 108, 60, 128, 123, 63, 68, 87, 85, 25, 96, 6, 69, 62, 67, 97, 109, 88, 24, 47, 31, 112, 35, 83, 118, 110, 122, 100, 81, 56, 64, 55, 8, 51, 74, 73, 98, 72, 91, 37, 78, 94, 115, 99, 26, 30, 16, 33, 126, 106, 103, 42, 18, 23, 14, 28, 93, 76, 102, 80, 86, 11, 105, 57, 48, 90, 71, 52, 119, 59, 50, 41, 43, 39, 46, 121, 54, 5, 101, 9, 13, 95, 66, 12, 22, 36, 21, 92, 19, 45, 32, 20, 17, 113, 125, 120, 77, 65, 84, 124, 89, 58, 29, 82, 2, 107, 7, 79, 117, 53, 34, 3, 1, 49, 129, 70, 40, 0]




