--------------------- Folder: d198 ---------------------
Time taken to read the file: 0.005321979522705078 seconds
-----------
Time taken to execute: 0.6862814426422119 seconds
Memory taken to execute: 8.0 kilobytes
Best cost: 17316.366440499645
Solution path: [0, 16, 15, 14, 13, 39, 40, 56, 57, 68, 70, 84, 85, 99, 98, 86, 83, 72, 69, 65, 73, 82, 96, 97, 87, 81, 74, 88, 89, 95, 94, 93, 100, 92, 101, 102, 103, 104, 113, 112, 111, 105, 106, 110, 109, 108, 167, 166, 107, 119, 123, 124, 168, 125, 129, 132, 134, 135, 140, 142, 145, 161, 151, 148, 144, 143, 136, 149, 150, 162, 163, 164, 165, 171, 170, 181, 182, 180, 176, 177, 178, 193, 194, 195, 196, 197, 186, 191, 192, 185, 184, 183, 179, 173, 172, 175, 174, 187, 190, 188, 189, 127, 126, 169, 128, 130, 131, 133, 137, 139, 141, 146, 147, 152, 160, 159, 158, 157, 156, 155, 154, 153, 138, 122, 117, 118, 116, 115, 120, 121, 114, 91, 78, 79, 90, 77, 80, 75, 76, 63, 49, 62, 48, 47, 50, 46, 38, 34, 23, 21, 22, 17, 18, 19, 20, 24, 25, 26, 27, 29, 31, 36, 35, 37, 30, 28, 32, 33, 51, 64, 45, 52, 61, 53, 44, 60, 66, 67, 71, 58, 59, 54, 43, 55, 42, 41, 12, 11, 10, 9, 8, 7, 4, 3, 2, 5, 1, 6, 0]




