--------------------- Folder: d493 ---------------------
Time taken to read the file: 0.015166282653808594 seconds
-----------
Time taken to execute: 8.748218774795532 seconds
Memory taken to execute: 8.0 kilobytes
Best cost: 38393.63634401193
Solution path: [0, 1, 2, 51, 48, 49, 47, 50, 43, 42, 45, 46, 44, 41, 40, 34, 37, 38, 39, 36, 35, 33, 32, 23, 31, 29, 28, 27, 26, 30, 22, 21, 300, 268, 265, 234, 223, 224, 209, 215, 208, 239, 276, 304, 297, 267, 254, 271, 275, 296, 325, 344, 341, 333, 351, 357, 348, 349, 363, 376, 388, 408, 423, 431, 430, 442, 457, 460, 462, 464, 469, 466, 468, 467, 470, 471, 472, 480, 452, 451, 450, 449, 482, 448, 447, 446, 445, 444, 433, 434, 435, 436, 437, 438, 439, 440, 453, 454, 441, 455, 485, 479, 477, 476, 473, 474, 475, 478, 481, 483, 492, 484, 486, 487, 489, 426, 427, 394, 420, 425, 488, 429, 400, 383, 372, 360, 346, 393, 378, 365, 353, 338, 327, 314, 301, 299, 302, 307, 295, 294, 311, 293, 292, 312, 291, 290, 289, 321, 328, 326, 313, 337, 352, 364, 377, 392, 385, 374, 358, 407, 406, 405, 404, 403, 402, 401, 418, 417, 416, 415, 414, 413, 412, 411, 399, 382, 373, 359, 345, 332, 320, 305, 308, 278, 288, 303, 298, 317, 329, 342, 356, 367, 380, 395, 424, 432, 443, 458, 459, 465, 463, 461, 456, 428, 421, 422, 391, 398, 384, 25, 24, 381, 390, 397, 368, 369, 389, 396, 410, 370, 340, 324, 316, 336, 322, 309, 277, 270, 272, 266, 240, 233, 228, 227, 226, 218, 232, 237, 244, 256, 257, 258, 259, 260, 261, 262, 263, 251, 252, 264, 253, 238, 231, 236, 250, 249, 248, 247, 246, 245, 243, 242, 255, 241, 279, 280, 281, 282, 283, 284, 285, 286, 318, 330, 343, 355, 339, 354, 366, 379, 386, 419, 409, 387, 375, 362, 350, 335, 323, 310, 287, 274, 273, 269, 306, 319, 315, 331, 347, 371, 361, 491, 490, 334, 225, 213, 177, 182, 195, 176, 164, 157, 142, 150, 156, 192, 194, 198, 204, 206, 220, 219, 212, 216, 211, 207, 205, 210, 222, 217, 230, 235, 229, 221, 214, 197, 184, 188, 185, 193, 179, 173, 175, 174, 180, 189, 200, 20, 172, 170, 169, 162, 160, 154, 148, 144, 151, 153, 158, 159, 155, 146, 147, 149, 143, 139, 141, 137, 129, 133, 132, 130, 145, 161, 166, 165, 178, 196, 168, 171, 181, 183, 201, 202, 203, 199, 191, 187, 190, 186, 167, 163, 152, 140, 123, 117, 110, 103, 102, 108, 93, 90, 91, 92, 94, 99, 100, 97, 96, 89, 87, 88, 98, 105, 106, 116, 118, 112, 111, 107, 104, 101, 109, 113, 114, 119, 122, 126, 134, 136, 135, 128, 131, 124, 125, 120, 121, 127, 138, 115, 86, 85, 84, 83, 82, 79, 81, 78, 95, 76, 75, 74, 70, 71, 72, 73, 77, 80, 69, 67, 68, 66, 65, 19, 17, 16, 60, 61, 62, 63, 59, 58, 57, 54, 64, 53, 55, 56, 52, 13, 12, 14, 15, 18, 11, 10, 9, 8, 6, 7, 5, 4, 3, 0]




