--------------------- Folder: d657 ---------------------
Time taken to read the file: 0.02474355697631836 seconds
-----------
Time taken to execute: 20.638653993606567 seconds
Memory taken to execute: 20.0 kilobytes
Best cost: 54738.296289833816
Solution path: [0, 2, 10, 9, 11, 12, 8, 7, 33, 35, 36, 39, 41, 45, 44, 49, 54, 50, 40, 63, 68, 73, 77, 74, 84, 93, 98, 101, 116, 130, 137, 142, 162, 164, 190, 196, 195, 197, 198, 199, 209, 217, 218, 234, 240, 264, 263, 261, 253, 271, 290, 289, 269, 237, 231, 210, 235, 238, 230, 239, 206, 220, 262, 298, 307, 317, 322, 335, 340, 346, 324, 334, 308, 309, 321, 325, 294, 292, 342, 348, 349, 364, 370, 388, 397, 422, 436, 430, 435, 439, 421, 415, 404, 400, 389, 398, 391, 409, 420, 437, 438, 399, 371, 390, 416, 372, 361, 345, 347, 341, 323, 303, 299, 293, 288, 287, 275, 254, 241, 247, 251, 268, 276, 270, 300, 310, 320, 326, 350, 369, 387, 377, 365, 386, 401, 405, 414, 423, 432, 431, 424, 419, 410, 425, 413, 406, 402, 395, 394, 403, 407, 412, 433, 434, 429, 417, 411, 428, 418, 383, 393, 381, 380, 375, 354, 343, 360, 355, 331, 302, 319, 330, 336, 316, 329, 338, 344, 353, 362, 367, 382, 392, 363, 359, 352, 332, 315, 314, 313, 328, 339, 366, 368, 374, 376, 379, 384, 385, 396, 378, 373, 358, 351, 357, 333, 318, 312, 305, 304, 311, 327, 284, 259, 255, 243, 228, 223, 224, 226, 250, 242, 219, 214, 208, 207, 227, 252, 260, 221, 232, 248, 236, 225, 215, 204, 157, 165, 187, 181, 180, 186, 191, 185, 178, 172, 168, 155, 156, 163, 141, 117, 131, 138, 129, 128, 140, 132, 115, 97, 91, 102, 114, 118, 103, 85, 72, 65, 57, 59, 52, 48, 55, 69, 119, 113, 99, 92, 86, 120, 139, 148, 171, 169, 170, 161, 147, 154, 149, 177, 184, 179, 166, 158, 150, 153, 167, 151, 143, 122, 112, 106, 107, 111, 100, 96, 82, 76, 110, 123, 134, 146, 176, 192, 188, 175, 211, 244, 256, 274, 286, 283, 272, 291, 277, 249, 233, 267, 282, 285, 278, 281, 265, 295, 301, 296, 297, 280, 273, 258, 266, 306, 592, 279, 257, 246, 586, 589, 598, 600, 601, 608, 605, 606, 610, 607, 337, 356, 595, 596, 591, 597, 594, 602, 611, 614, 621, 623, 613, 615, 616, 617, 618, 620, 622, 408, 426, 427, 624, 625, 619, 612, 609, 604, 603, 599, 590, 593, 587, 588, 585, 656, 575, 579, 584, 583, 577, 576, 573, 574, 578, 582, 581, 229, 580, 213, 212, 245, 222, 216, 205, 203, 189, 182, 173, 183, 194, 200, 201, 202, 570, 567, 511, 510, 509, 159, 174, 193, 160, 152, 135, 125, 126, 504, 502, 506, 505, 124, 127, 144, 145, 109, 95, 88, 108, 87, 89, 94, 83, 67, 56, 62, 51, 47, 61, 66, 71, 80, 81, 75, 121, 105, 104, 90, 70, 58, 46, 42, 38, 34, 43, 470, 471, 483, 482, 472, 491, 494, 497, 496, 498, 490, 486, 485, 481, 480, 487, 488, 493, 484, 512, 513, 516, 517, 518, 515, 514, 489, 492, 495, 499, 503, 501, 500, 507, 133, 136, 508, 528, 559, 556, 551, 550, 554, 555, 557, 566, 553, 558, 563, 565, 560, 564, 561, 562, 568, 569, 571, 572, 626, 655, 654, 627, 653, 652, 648, 647, 649, 650, 651, 646, 645, 644, 643, 642, 641, 640, 638, 639, 636, 637, 634, 635, 633, 632, 631, 629, 630, 628, 552, 546, 545, 544, 547, 548, 549, 543, 542, 541, 540, 539, 538, 537, 536, 534, 535, 532, 531, 529, 523, 530, 533, 524, 522, 525, 526, 527, 521, 520, 474, 519, 477, 479, 478, 476, 475, 457, 473, 456, 459, 460, 455, 467, 465, 461, 454, 451, 452, 450, 448, 453, 449, 442, 458, 464, 468, 466, 462, 463, 469, 37, 31, 30, 27, 29, 22, 19, 26, 25, 23, 440, 441, 443, 446, 447, 445, 444, 18, 13, 17, 16, 28, 20, 15, 14, 21, 24, 32, 53, 60, 64, 79, 78, 6, 5, 4, 3, 1, 0]




