--------------------- Folder: eil101 ---------------------
Time taken to read the file: 0.027913570404052734 seconds
-----------
Time taken to execute: 0.230543851852417 seconds
Memory taken to execute: 20.0 kilobytes
Best cost: 722.9974255765957
Solution path: [0, 49, 75, 76, 67, 79, 53, 54, 24, 3, 55, 38, 66, 22, 74, 73, 40, 21, 71, 72, 20, 39, 57, 25, 11, 23, 28, 2, 78, 77, 33, 32, 80, 8, 50, 70, 34, 64, 65, 19, 29, 69, 30, 87, 61, 10, 18, 81, 47, 46, 35, 48, 63, 62, 89, 31, 9, 6, 7, 45, 44, 82, 59, 4, 98, 95, 93, 94, 96, 86, 41, 42, 14, 56, 1, 91, 36, 99, 90, 84, 97, 58, 92, 60, 15, 43, 37, 13, 85, 16, 83, 17, 51, 88, 5, 12, 52, 100, 27, 26, 68, 0]




