--------------------- Folder: eil76 ---------------------
Time taken to read the file: 0.0018303394317626953 seconds
-----------
Time taken to execute: 0.11557817459106445 seconds
Memory taken to execute: 28.0 kilobytes
Best cost: 623.0579978735639
Solution path: [0, 42, 40, 41, 63, 21, 61, 72, 27, 60, 73, 29, 1, 47, 28, 46, 20, 35, 68, 70, 59, 69, 19, 36, 4, 56, 14, 44, 26, 51, 33, 45, 7, 34, 18, 53, 12, 66, 75, 74, 3, 67, 5, 50, 16, 39, 11, 25, 6, 52, 10, 13, 58, 65, 64, 37, 9, 30, 57, 71, 38, 8, 31, 49, 24, 54, 17, 43, 2, 23, 48, 15, 62, 55, 22, 32, 0]




