--------------------- Folder: fl417 ---------------------
Time taken to read the file: 0.011462926864624023 seconds
-----------
Time taken to execute: 2.6805763244628906 seconds
Memory taken to execute: 8.0 kilobytes
Best cost: 13424.734306822817
Solution path: [0, 348, 308, 309, 323, 333, 349, 350, 334, 310, 311, 335, 312, 351, 352, 353, 324, 313, 325, 354, 355, 356, 336, 326, 314, 315, 337, 316, 338, 317, 318, 153, 177, 155, 179, 157, 181, 159, 183, 161, 185, 163, 187, 165, 189, 168, 167, 191, 169, 193, 171, 195, 173, 197, 175, 199, 200, 176, 198, 174, 196, 172, 194, 170, 192, 190, 166, 188, 164, 186, 162, 184, 160, 182, 158, 180, 156, 178, 154, 33, 35, 37, 40, 42, 49, 47, 45, 48, 46, 50, 51, 54, 53, 56, 75, 67, 80, 98, 100, 97, 99, 91, 70, 60, 74, 79, 85, 78, 84, 73, 63, 66, 69, 96, 95, 101, 103, 104, 368, 371, 372, 411, 412, 413, 384, 373, 385, 414, 415, 416, 396, 386, 374, 375, 376, 398, 377, 378, 249, 273, 274, 252, 276, 278, 254, 277, 256, 280, 258, 282, 284, 260, 283, 262, 285, 264, 286, 288, 289, 267, 291, 293, 271, 295, 272, 296, 294, 270, 269, 268, 292, 290, 266, 265, 287, 263, 261, 259, 281, 257, 279, 255, 253, 275, 251, 250, 397, 395, 370, 394, 410, 409, 393, 383, 369, 408, 248, 224, 246, 245, 247, 223, 221, 243, 244, 222, 219, 241, 220, 242, 218, 217, 239, 215, 237, 238, 216, 240, 213, 235, 214, 236, 212, 211, 233, 234, 210, 209, 231, 207, 229, 208, 232, 230, 206, 228, 226, 204, 225, 202, 391, 364, 363, 382, 390, 407, 406, 405, 381, 362, 380, 404, 403, 402, 361, 360, 389, 399, 357, 358, 379, 387, 400, 401, 388, 359, 365, 392, 366, 367, 201, 203, 227, 205, 102, 71, 59, 61, 64, 68, 88, 92, 89, 93, 86, 76, 72, 81, 82, 77, 90, 94, 83, 87, 65, 62, 58, 57, 55, 52, 41, 43, 44, 38, 26, 16, 11, 28, 36, 39, 34, 32, 339, 297, 298, 319, 327, 340, 341, 328, 299, 300, 329, 301, 342, 343, 344, 320, 302, 321, 345, 346, 347, 330, 322, 303, 304, 331, 305, 332, 306, 307, 105, 129, 108, 130, 106, 107, 131, 109, 133, 136, 112, 134, 110, 132, 111, 135, 113, 137, 115, 139, 118, 140, 116, 138, 114, 117, 141, 142, 120, 124, 146, 122, 144, 119, 143, 121, 145, 123, 147, 125, 149, 128, 151, 127, 148, 126, 150, 152, 22, 29, 13, 14, 10, 8, 2, 3, 1, 12, 19, 27, 20, 15, 17, 18, 23, 31, 24, 21, 25, 30, 5, 4, 6, 9, 7, 0]




