--------------------- Folder: gil262 ---------------------
Time taken to read the file: 0.006294965744018555 seconds
-----------
Time taken to execute: 1.6669235229492188 seconds
Memory taken to execute: 8.0 kilobytes
Best cost: 2695.15432713288
Solution path: [0, 228, 138, 201, 230, 67, 141, 231, 69, 107, 243, 114, 144, 208, 98, 154, 75, 153, 86, 187, 257, 94, 33, 181, 27, 155, 259, 238, 34, 183, 191, 143, 217, 118, 93, 150, 246, 85, 148, 87, 49, 76, 90, 92, 160, 178, 127, 47, 195, 22, 173, 142, 13, 97, 116, 239, 106, 211, 44, 186, 45, 215, 62, 199, 179, 151, 245, 207, 250, 198, 43, 164, 221, 84, 104, 131, 96, 28, 226, 19, 108, 109, 59, 157, 133, 158, 146, 244, 200, 77, 258, 174, 46, 126, 39, 23, 16, 54, 167, 65, 102, 112, 79, 193, 196, 41, 9, 237, 130, 213, 202, 56, 10, 240, 234, 81, 223, 162, 249, 124, 63, 68, 176, 236, 61, 248, 156, 224, 222, 42, 121, 37, 255, 55, 241, 38, 101, 218, 74, 161, 58, 180, 170, 168, 242, 51, 14, 232, 175, 135, 225, 31, 66, 50, 40, 209, 177, 91, 254, 251, 110, 235, 119, 21, 36, 5, 15, 83, 134, 145, 117, 2, 122, 7, 189, 111, 165, 206, 197, 203, 53, 260, 172, 26, 194, 1, 169, 147, 25, 113, 252, 100, 192, 12, 166, 88, 247, 188, 105, 120, 152, 8, 229, 57, 182, 149, 35, 219, 82, 216, 205, 64, 52, 227, 123, 48, 256, 136, 17, 29, 72, 95, 212, 115, 125, 214, 103, 73, 140, 24, 6, 159, 163, 139, 171, 185, 80, 3, 99, 20, 137, 253, 233, 32, 71, 184, 18, 78, 261, 190, 4, 132, 11, 129, 128, 220, 60, 89, 210, 204, 30, 70, 0]




