--------------------- Folder: kroB200 ---------------------
Time taken to read the file: 0.0034766197204589844 seconds
-----------
Time taken to execute: 0.796527624130249 seconds
Memory taken to execute: 60.0 kilobytes
Best cost: 33026.93541633173
Solution path: [0, 20, 107, 122, 141, 72, 84, 121, 92, 10, 157, 2, 27, 128, 90, 96, 98, 75, 7, 28, 135, 58, 166, 174, 31, 97, 173, 11, 106, 160, 70, 26, 175, 179, 93, 56, 33, 168, 57, 83, 6, 51, 115, 162, 153, 53, 114, 36, 71, 183, 140, 64, 123, 126, 187, 78, 112, 80, 178, 46, 172, 138, 190, 176, 142, 170, 87, 22, 21, 103, 54, 143, 192, 159, 152, 23, 17, 104, 76, 102, 15, 1, 154, 77, 16, 44, 35, 118, 91, 150, 136, 95, 161, 134, 18, 199, 129, 101, 43, 147, 40, 191, 12, 125, 186, 62, 30, 47, 194, 155, 50, 127, 111, 14, 181, 82, 3, 5, 32, 146, 120, 81, 63, 13, 124, 119, 41, 109, 108, 182, 139, 105, 158, 163, 49, 184, 117, 42, 88, 195, 185, 59, 164, 73, 113, 86, 167, 132, 65, 144, 198, 130, 177, 156, 171, 34, 60, 8, 24, 45, 145, 151, 165, 137, 85, 48, 133, 180, 79, 19, 37, 29, 74, 149, 68, 100, 99, 55, 25, 61, 66, 196, 4, 131, 193, 116, 189, 188, 52, 169, 148, 69, 197, 38, 39, 110, 67, 9, 89, 0, 94]




