--------------------- Folder: kroB150 ---------------------
Time taken to read the file: 0.0025823116302490234 seconds
-----------
Time taken to execute: 0.5538170337677002 seconds
Memory taken to execute: 72.0 kilobytes
Best cost: 30054.38749397736
Solution path: [0, 84, 26, 106, 129, 12, 64, 146, 79, 103, 148, 5, 53, 133, 74, 21, 111, 7, 105, 16, 33, 89, 24, 113, 112, 107, 144, 108, 57, 97, 147, 87, 27, 37, 100, 55, 118, 4, 42, 85, 132, 71, 125, 38, 70, 123, 82, 61, 137, 49, 94, 93, 122, 90, 69, 120, 138, 130, 128, 75, 110, 101, 29, 67, 34, 1, 22, 20, 121, 88, 40, 58, 2, 72, 117, 68, 73, 99, 135, 32, 44, 80, 96, 143, 95, 149, 86, 51, 10, 83, 47, 102, 127, 43, 65, 62, 15, 50, 126, 145, 134, 119, 36, 28, 45, 141, 131, 60, 25, 77, 8, 81, 6, 31, 116, 23, 17, 48, 92, 142, 140, 98, 18, 104, 91, 9, 13, 56, 35, 3, 115, 59, 139, 114, 76, 46, 30, 66, 54, 41, 63, 19, 109, 78, 14, 39, 11, 124, 136, 52, 0]




