--------------------- Folder: kroE100 ---------------------
Time taken to read the file: 0.002083301544189453 seconds
-----------
Time taken to execute: 0.21039485931396484 seconds
Memory taken to execute: 20.0 kilobytes
Best cost: 23782.60705318694
Solution path: [0, 82, 46, 72, 15, 60, 70, 88, 80, 71, 43, 13, 51, 78, 25, 45, 2, 68, 50, 97, 58, 35, 27, 94, 63, 57, 22, 55, 19, 14, 48, 61, 83, 16, 98, 49, 59, 9, 79, 96, 56, 30, 8, 65, 29, 92, 90, 54, 5, 33, 36, 69, 12, 74, 40, 86, 26, 66, 81, 91, 3, 10, 1, 95, 84, 76, 52, 77, 99, 28, 23, 17, 93, 18, 42, 85, 38, 21, 32, 67, 37, 47, 89, 41, 4, 7, 64, 53, 24, 44, 39, 34, 87, 62, 31, 11, 75, 6, 20, 73, 0]




