--------------------- Folder: lin105 ---------------------
Time taken to read the file: 0.001917123794555664 seconds
-----------
Time taken to execute: 0.13834404945373535 seconds
Memory taken to execute: 44.0 kilobytes
Best cost: 16323.675799681514
Solution path: [0, 1, 2, 7, 8, 4, 3, 12, 13, 33, 34, 37, 38, 36, 35, 25, 24, 17, 16, 15, 18, 23, 26, 22, 27, 32, 103, 39, 44, 47, 49, 54, 55, 58, 104, 61, 68, 73, 69, 74, 80, 88, 89, 85, 78, 83, 82, 81, 77, 70, 67, 66, 63, 72, 79, 75, 71, 76, 84, 90, 91, 101, 100, 96, 95, 92, 97, 98, 99, 94, 93, 87, 86, 65, 64, 60, 59, 62, 57, 52, 51, 45, 42, 41, 40, 43, 56, 53, 50, 46, 48, 31, 30, 29, 28, 21, 20, 102, 19, 11, 14, 10, 9, 6, 5, 0]




