--------------------- Folder: linhp318 ---------------------
Time taken to read the file: 0.007904529571533203 seconds
-----------
Time taken to execute: 2.2568869590759277 seconds
Memory taken to execute: 8.0 kilobytes
Best cost: 47259.75653586447
Solution path: [0, 1, 2, 7, 8, 4, 3, 110, 111, 114, 115, 119, 207, 125, 126, 133, 134, 135, 136, 33, 34, 37, 38, 144, 153, 152, 149, 154, 159, 160, 209, 166, 167, 168, 171, 172, 175, 187, 189, 86, 87, 195, 196, 200, 201, 205, 206, 99, 94, 93, 197, 202, 203, 194, 193, 185, 179, 178, 174, 173, 177, 184, 180, 176, 181, 183, 190, 188, 186, 182, 64, 65, 60, 59, 163, 148, 151, 155, 158, 161, 162, 157, 156, 150, 147, 146, 145, 208, 137, 132, 127, 124, 116, 128, 131, 123, 120, 122, 121, 129, 130, 140, 141, 118, 117, 220, 219, 216, 215, 224, 312, 230, 231, 238, 239, 240, 241, 138, 139, 142, 143, 249, 258, 257, 254, 259, 264, 265, 314, 271, 272, 270, 317, 269, 274, 275, 296, 297, 303, 304, 309, 308, 307, 302, 301, 305, 306, 310, 311, 204, 199, 198, 300, 191, 192, 294, 292, 291, 287, 280, 293, 288, 295, 299, 298, 290, 284, 283, 279, 278, 282, 289, 285, 281, 286, 273, 276, 277, 169, 170, 165, 164, 268, 253, 256, 260, 263, 266, 267, 262, 261, 255, 252, 251, 250, 313, 242, 237, 232, 229, 221, 233, 236, 228, 225, 227, 226, 234, 235, 245, 246, 248, 247, 244, 243, 223, 222, 214, 213, 218, 217, 212, 211, 210, 108, 109, 113, 112, 107, 106, 105, 12, 13, 16, 17, 24, 25, 35, 36, 41, 42, 43, 46, 50, 53, 56, 57, 52, 51, 45, 40, 44, 47, 48, 315, 316, 55, 104, 61, 62, 68, 72, 75, 79, 85, 78, 83, 82, 84, 90, 91, 101, 100, 96, 95, 92, 97, 98, 89, 88, 80, 74, 73, 69, 71, 76, 81, 77, 70, 67, 66, 63, 58, 54, 49, 39, 103, 32, 27, 22, 19, 23, 26, 18, 15, 11, 102, 31, 30, 29, 28, 21, 20, 14, 10, 9, 6, 5, 0]




