--------------------- Folder: p654 ---------------------
Time taken to read the file: 0.025708913803100586 seconds
-----------
Time taken to execute: 2.698265790939331 seconds
Memory taken to execute: 12.0 kilobytes
Best cost: 39244.70795213078
Solution path: [0, 490, 491, 492, 520, 533, 549, 550, 534, 494, 497, 522, 523, 554, 555, 556, 536, 537, 558, 559, 504, 106, 110, 114, 118, 122, 126, 130, 134, 138, 142, 146, 150, 154, 158, 162, 166, 170, 174, 178, 182, 186, 190, 194, 198, 199, 195, 191, 187, 183, 179, 175, 171, 167, 163, 159, 155, 151, 147, 143, 139, 135, 131, 127, 123, 119, 115, 111, 107, 108, 112, 116, 120, 124, 128, 132, 136, 140, 144, 148, 152, 156, 160, 164, 168, 172, 176, 180, 184, 188, 192, 196, 200, 99, 100, 3, 2, 1, 4, 61, 51, 50, 56, 54, 53, 55, 57, 58, 59, 60, 14, 16, 310, 390, 386, 382, 378, 374, 370, 366, 362, 358, 354, 350, 346, 342, 338, 334, 330, 326, 322, 318, 314, 306, 302, 298, 586, 641, 640, 619, 639, 618, 638, 637, 636, 605, 604, 635, 634, 633, 617, 603, 578, 577, 576, 616, 632, 631, 615, 614, 630, 15, 572, 573, 574, 602, 575, 579, 580, 581, 582, 606, 583, 584, 607, 620, 621, 585, 299, 303, 307, 311, 315, 319, 323, 327, 331, 335, 339, 343, 347, 351, 355, 359, 363, 367, 371, 375, 379, 383, 387, 391, 392, 388, 384, 380, 376, 372, 368, 364, 360, 356, 352, 348, 344, 340, 336, 332, 328, 324, 320, 316, 312, 308, 304, 300, 301, 305, 309, 313, 317, 321, 325, 329, 333, 337, 341, 345, 349, 353, 357, 361, 365, 369, 373, 377, 381, 385, 389, 393, 642, 622, 623, 643, 644, 624, 591, 594, 610, 611, 648, 649, 650, 626, 627, 652, 653, 601, 394, 398, 402, 406, 410, 414, 418, 422, 426, 430, 434, 438, 442, 446, 450, 454, 458, 462, 466, 470, 474, 478, 482, 486, 487, 483, 479, 475, 471, 467, 463, 459, 455, 451, 447, 443, 439, 435, 431, 427, 423, 419, 415, 411, 407, 403, 399, 395, 396, 400, 404, 408, 412, 416, 420, 424, 428, 432, 436, 440, 444, 448, 452, 456, 460, 464, 468, 472, 476, 480, 484, 488, 489, 485, 481, 477, 473, 469, 465, 461, 457, 453, 449, 445, 441, 437, 433, 429, 425, 421, 417, 413, 409, 405, 401, 397, 600, 629, 628, 613, 599, 598, 651, 612, 597, 596, 595, 647, 646, 645, 625, 609, 593, 592, 590, 608, 589, 588, 587, 18, 17, 49, 52, 48, 47, 45, 43, 44, 41, 40, 38, 37, 33, 32, 31, 30, 27, 26, 24, 23, 20, 19, 25, 28, 22, 21, 29, 34, 35, 36, 39, 42, 46, 13, 11, 10, 12, 8, 7, 6, 5, 9, 62, 63, 71, 70, 69, 67, 66, 68, 65, 64, 72, 104, 103, 102, 569, 545, 570, 571, 519, 202, 206, 210, 214, 218, 222, 226, 230, 234, 238, 242, 246, 250, 254, 258, 262, 266, 270, 274, 278, 282, 286, 290, 294, 295, 291, 287, 283, 279, 275, 271, 267, 263, 259, 255, 251, 247, 243, 239, 235, 231, 227, 223, 219, 215, 211, 207, 203, 204, 208, 212, 216, 220, 224, 228, 232, 236, 240, 244, 248, 252, 256, 260, 264, 268, 272, 276, 280, 284, 288, 292, 296, 105, 297, 293, 289, 285, 281, 277, 273, 269, 265, 261, 257, 253, 249, 245, 241, 237, 233, 229, 225, 221, 217, 213, 209, 205, 518, 547, 546, 531, 517, 516, 544, 530, 515, 568, 567, 566, 529, 514, 513, 528, 512, 565, 564, 563, 543, 527, 511, 510, 509, 508, 542, 562, 561, 541, 526, 507, 506, 505, 540, 560, 74, 77, 78, 80, 85, 89, 92, 93, 90, 88, 87, 86, 81, 73, 76, 75, 79, 82, 83, 84, 91, 94, 95, 96, 97, 98, 101, 201, 197, 193, 189, 185, 181, 177, 173, 169, 165, 161, 157, 153, 149, 145, 141, 137, 133, 129, 125, 121, 117, 113, 109, 503, 539, 538, 525, 502, 501, 557, 524, 500, 499, 498, 553, 552, 551, 535, 521, 496, 495, 493, 532, 548, 0]




