--------------------- Folder: pcb442 ---------------------
Time taken to read the file: 0.012422561645507812 seconds
-----------
Time taken to execute: 5.220000505447388 seconds
Memory taken to execute: 216.0 kilobytes
Best cost: 54823.987234395485
Solution path: [0, 441, 0, 33, 65, 101, 440, 385, 114, 386, 388, 115, 137, 391, 151, 150, 149, 161, 172, 185, 400, 405, 227, 406, 234, 239, 266, 270, 269, 268, 273, 276, 425, 439, 279, 282, 307, 308, 283, 309, 338, 432, 348, 349, 350, 351, 342, 352, 353, 354, 433, 355, 356, 357, 434, 358, 359, 360, 343, 361, 362, 363, 364, 365, 366, 344, 367, 368, 369, 370, 371, 372, 373, 374, 337, 336, 426, 335, 334, 333, 306, 332, 431, 331, 330, 305, 304, 329, 303, 328, 302, 327, 301, 326, 430, 325, 300, 299, 324, 298, 297, 323, 428, 429, 322, 296, 295, 321, 320, 294, 277, 293, 319, 292, 318, 291, 317, 290, 316, 289, 315, 288, 424, 420, 423, 287, 313, 314, 286, 312, 339, 311, 285, 284, 310, 347, 346, 345, 340, 341, 427, 281, 280, 278, 275, 272, 265, 237, 238, 233, 226, 404, 399, 184, 171, 160, 148, 135, 125, 113, 102, 103, 126, 136, 173, 395, 398, 186, 174, 392, 152, 162, 175, 187, 199, 212, 229, 221, 211, 220, 228, 210, 402, 240, 241, 242, 243, 244, 245, 246, 247, 248, 414, 249, 250, 251, 252, 416, 417, 253, 254, 255, 256, 257, 258, 259, 418, 421, 437, 422, 436, 274, 271, 419, 267, 415, 263, 262, 235, 261, 260, 411, 412, 407, 408, 403, 216, 204, 205, 206, 194, 195, 196, 217, 207, 181, 168, 157, 145, 132, 122, 110, 93, 61, 28, 29, 30, 63, 64, 31, 32, 376, 375, 62, 94, 378, 95, 379, 96, 97, 383, 382, 112, 124, 134, 147, 159, 170, 183, 198, 209, 219, 225, 410, 413, 236, 264, 409, 218, 208, 197, 182, 169, 158, 146, 133, 123, 111, 435, 100, 92, 60, 27, 26, 59, 91, 90, 58, 25, 24, 57, 89, 88, 56, 23, 22, 55, 87, 377, 86, 54, 21, 20, 19, 52, 84, 83, 51, 18, 17, 50, 82, 438, 81, 49, 16, 15, 48, 80, 99, 79, 47, 14, 13, 46, 78, 77, 45, 12, 53, 85, 381, 380, 108, 384, 120, 121, 109, 131, 144, 390, 143, 156, 167, 180, 193, 192, 191, 203, 215, 224, 232, 231, 223, 214, 202, 190, 397, 178, 394, 393, 166, 179, 155, 142, 130, 119, 387, 389, 107, 118, 129, 141, 154, 165, 177, 189, 201, 401, 230, 222, 213, 200, 188, 176, 396, 164, 163, 153, 140, 128, 117, 106, 139, 138, 127, 116, 104, 105, 98, 76, 44, 11, 10, 43, 75, 74, 42, 9, 8, 41, 73, 72, 40, 7, 6, 39, 71, 70, 38, 5, 4, 37, 69, 68, 36, 3, 2, 35, 67, 66, 34, 1]




