--------------------- Folder: pr1002 ---------------------
Time taken to read the file: 0.05517268180847168 seconds
-----------
Time taken to execute: 60.23444485664368 seconds
Memory taken to execute: 8.0 kilobytes
Best cost: 286233.0980252908
Solution path: [0, 75, 74, 73, 79, 80, 81, 87, 85, 86, 84, 83, 82, 77, 78, 88, 89, 91, 93, 92, 76, 90, 97, 98, 96, 95, 94, 133, 135, 134, 132, 99, 100, 101, 102, 993, 106, 107, 108, 45, 46, 47, 42, 48, 40, 49, 41, 43, 44, 311, 310, 316, 317, 319, 321, 322, 320, 293, 292, 294, 295, 288, 289, 290, 291, 287, 286, 285, 284, 283, 282, 300, 301, 302, 303, 112, 111, 109, 110, 113, 114, 115, 118, 116, 117, 105, 104, 103, 128, 129, 130, 144, 145, 146, 147, 143, 148, 149, 994, 251, 250, 249, 248, 252, 253, 254, 255, 256, 258, 257, 120, 119, 121, 122, 123, 124, 125, 126, 127, 131, 136, 137, 138, 139, 140, 141, 142, 150, 151, 152, 153, 154, 168, 167, 166, 165, 164, 155, 163, 162, 161, 157, 158, 184, 183, 182, 181, 995, 180, 179, 178, 173, 174, 175, 176, 177, 172, 169, 170, 171, 160, 159, 156, 185, 240, 241, 239, 237, 238, 188, 191, 192, 193, 196, 197, 200, 198, 199, 205, 206, 207, 208, 209, 204, 203, 202, 201, 195, 194, 186, 187, 189, 190, 236, 235, 234, 233, 232, 220, 219, 218, 217, 216, 211, 210, 215, 212, 214, 213, 221, 222, 223, 224, 225, 226, 227, 228, 264, 266, 265, 267, 268, 270, 271, 272, 468, 467, 466, 469, 470, 471, 476, 477, 997, 579, 578, 577, 575, 574, 572, 573, 589, 593, 594, 557, 559, 558, 591, 590, 592, 595, 596, 598, 599, 600, 796, 795, 794, 797, 798, 799, 804, 805, 1000, 907, 906, 905, 902, 904, 908, 909, 910, 911, 912, 914, 913, 776, 775, 777, 778, 779, 780, 781, 782, 783, 784, 785, 786, 800, 801, 802, 803, 806, 807, 808, 809, 810, 824, 823, 822, 821, 820, 811, 819, 818, 817, 813, 814, 840, 839, 838, 837, 1001, 836, 835, 834, 829, 830, 831, 832, 833, 828, 825, 826, 827, 816, 815, 812, 841, 896, 897, 895, 893, 894, 844, 847, 848, 849, 852, 853, 856, 854, 855, 861, 862, 863, 864, 865, 860, 859, 858, 857, 851, 850, 842, 843, 845, 846, 892, 891, 890, 889, 888, 876, 875, 874, 873, 872, 867, 866, 871, 868, 870, 869, 877, 878, 879, 880, 881, 882, 883, 884, 920, 921, 922, 885, 887, 886, 919, 918, 917, 916, 915, 925, 903, 900, 899, 898, 901, 923, 924, 926, 927, 928, 929, 930, 931, 932, 935, 934, 933, 936, 937, 938, 939, 940, 941, 942, 943, 947, 946, 945, 944, 951, 950, 948, 949, 976, 977, 978, 975, 973, 972, 966, 974, 971, 968, 970, 981, 980, 979, 969, 986, 985, 984, 983, 982, 989, 988, 987, 683, 682, 684, 685, 681, 686, 680, 679, 718, 719, 717, 716, 715, 720, 714, 721, 713, 712, 710, 708, 706, 705, 707, 709, 711, 722, 727, 728, 726, 723, 724, 725, 667, 666, 665, 664, 663, 662, 669, 668, 671, 670, 672, 677, 676, 673, 674, 675, 678, 687, 688, 689, 690, 691, 692, 693, 694, 695, 696, 704, 697, 698, 701, 702, 703, 699, 700, 967, 965, 964, 963, 962, 961, 960, 992, 952, 953, 955, 954, 956, 957, 958, 959, 768, 767, 765, 766, 769, 770, 771, 774, 772, 773, 761, 760, 759, 758, 757, 787, 792, 793, 791, 790, 789, 788, 755, 756, 999, 762, 763, 764, 754, 753, 752, 751, 750, 746, 747, 749, 748, 732, 745, 744, 743, 741, 742, 740, 739, 738, 737, 733, 734, 735, 736, 729, 730, 731, 615, 614, 613, 612, 611, 626, 627, 625, 624, 991, 632, 633, 634, 635, 636, 637, 638, 640, 643, 642, 652, 653, 651, 654, 655, 656, 657, 658, 641, 646, 645, 650, 649, 648, 621, 620, 622, 623, 616, 617, 618, 619, 647, 644, 639, 372, 371, 370, 376, 368, 377, 378, 380, 379, 384, 382, 383, 399, 400, 398, 397, 396, 395, 394, 381, 385, 386, 393, 392, 388, 387, 389, 391, 390, 339, 338, 337, 336, 335, 334, 341, 340, 343, 342, 344, 349, 350, 351, 352, 358, 357, 353, 356, 354, 355, 659, 660, 661, 347, 346, 345, 348, 359, 360, 361, 362, 363, 364, 365, 366, 367, 369, 375, 374, 373, 436, 435, 434, 996, 430, 429, 431, 432, 433, 445, 443, 446, 444, 442, 441, 440, 439, 437, 438, 631, 630, 629, 628, 610, 609, 608, 607, 606, 605, 604, 603, 602, 601, 597, 587, 588, 556, 555, 554, 553, 552, 551, 550, 549, 547, 546, 545, 544, 539, 538, 543, 540, 542, 541, 548, 561, 560, 562, 563, 564, 517, 518, 519, 516, 520, 521, 524, 525, 528, 526, 527, 533, 534, 535, 536, 537, 532, 531, 530, 529, 523, 522, 514, 515, 566, 565, 567, 568, 513, 569, 570, 571, 576, 580, 581, 582, 583, 584, 586, 585, 448, 447, 449, 450, 451, 452, 453, 454, 455, 456, 457, 459, 464, 465, 463, 462, 461, 423, 424, 425, 426, 418, 419, 420, 417, 416, 415, 413, 414, 412, 411, 410, 409, 405, 406, 407, 408, 401, 402, 403, 404, 421, 422, 460, 427, 428, 458, 472, 473, 474, 475, 478, 479, 480, 481, 482, 484, 485, 486, 512, 511, 510, 509, 998, 508, 507, 506, 501, 502, 503, 504, 505, 500, 497, 498, 499, 488, 487, 489, 490, 491, 483, 492, 493, 494, 495, 496, 229, 231, 230, 263, 262, 261, 246, 247, 244, 243, 242, 245, 260, 259, 269, 273, 274, 275, 276, 279, 278, 277, 280, 281, 298, 299, 297, 296, 990, 304, 305, 306, 307, 308, 309, 318, 315, 312, 314, 325, 324, 323, 313, 330, 329, 328, 327, 326, 333, 332, 331, 27, 26, 28, 29, 25, 30, 24, 23, 62, 63, 61, 60, 59, 64, 58, 65, 57, 56, 54, 55, 66, 11, 10, 9, 8, 7, 6, 13, 12, 15, 14, 16, 21, 20, 17, 18, 19, 22, 31, 32, 33, 34, 35, 36, 37, 38, 39, 50, 52, 51, 53, 71, 72, 70, 67, 68, 69, 4, 5, 3, 2, 1, 0]




