--------------------- Folder: pr107 ---------------------
Time taken to read the file: 0.001519918441772461 seconds
-----------
Time taken to execute: 0.11274266242980957 seconds
Memory taken to execute: 24.0 kilobytes
Best cost: 47894.18468460625
Solution path: [0, 1, 4, 62, 65, 63, 66, 67, 64, 68, 71, 70, 72, 69, 61, 73, 75, 76, 77, 74, 60, 78, 80, 81, 82, 79, 59, 83, 85, 86, 87, 84, 58, 88, 90, 91, 92, 89, 57, 93, 95, 56, 96, 97, 94, 99, 102, 101, 100, 98, 55, 103, 105, 106, 104, 54, 49, 52, 53, 50, 51, 48, 44, 45, 42, 47, 46, 43, 40, 37, 41, 38, 39, 36, 32, 35, 34, 31, 33, 30, 26, 29, 28, 25, 27, 24, 20, 23, 22, 19, 21, 18, 14, 17, 16, 13, 15, 12, 10, 11, 7, 9, 8, 6, 5, 2, 3, 0]




