--------------------- Folder: pr124 ---------------------
Time taken to read the file: 0.0018851757049560547 seconds
-----------
Time taken to execute: 0.14043283462524414 seconds
Memory taken to execute: 88.0 kilobytes
Best cost: 64437.69864117384
Solution path: [0, 1, 2, 3, 4, 5, 31, 30, 29, 33, 32, 58, 59, 61, 65, 64, 80, 81, 83, 82, 66, 63, 62, 67, 68, 69, 70, 71, 72, 73, 74, 75, 76, 77, 78, 79, 91, 92, 93, 94, 95, 96, 97, 98, 99, 123, 122, 121, 120, 119, 118, 117, 116, 115, 114, 100, 90, 89, 85, 84, 86, 87, 103, 107, 106, 105, 104, 108, 109, 110, 111, 112, 113, 102, 101, 88, 52, 51, 45, 46, 47, 48, 50, 49, 14, 13, 10, 11, 12, 9, 8, 15, 16, 53, 44, 43, 42, 41, 40, 17, 18, 19, 20, 22, 39, 38, 21, 24, 23, 37, 25, 36, 54, 55, 56, 57, 60, 35, 34, 28, 27, 26, 6, 7, 0]




