--------------------- Folder: pr136 ---------------------
Time taken to read the file: 0.002087116241455078 seconds
-----------
Time taken to execute: 0.1066131591796875 seconds
Memory taken to execute: 64.0 kilobytes
Best cost: 103478.24114673762
Solution path: [0, 6, 7, 1, 15, 31, 19, 14, 8, 9, 2, 25, 24, 32, 23, 22, 33, 21, 12, 3, 11, 10, 13, 20, 35, 44, 45, 34, 46, 55, 67, 56, 57, 66, 58, 59, 48, 42, 43, 47, 54, 69, 78, 79, 68, 80, 89, 101, 90, 91, 100, 92, 93, 87, 76, 77, 81, 88, 103, 112, 113, 102, 114, 123, 132, 124, 125, 133, 127, 126, 122, 115, 111, 110, 121, 134, 120, 116, 104, 109, 108, 105, 107, 106, 118, 131, 130, 135, 129, 128, 119, 117, 98, 96, 97, 84, 72, 73, 71, 74, 75, 70, 82, 86, 99, 94, 95, 85, 83, 64, 62, 63, 51, 38, 39, 37, 40, 41, 36, 49, 53, 65, 60, 61, 52, 50, 30, 28, 29, 17, 4, 5, 0, 26, 27, 18, 16]




