--------------------- Folder: pr144 ---------------------
Time taken to read the file: 0.0024046897888183594 seconds
-----------
Time taken to execute: 0.11375284194946289 seconds
Memory taken to execute: 20.0 kilobytes
Best cost: 70405.28109712257
Solution path: [0, 2, 3, 4, 5, 21, 22, 36, 45, 46, 47, 58, 59, 86, 87, 102, 114, 130, 131, 132, 133, 143, 142, 141, 140, 139, 138, 137, 136, 135, 134, 129, 128, 127, 126, 125, 124, 123, 122, 121, 120, 119, 118, 117, 116, 115, 98, 97, 96, 95, 94, 93, 92, 91, 90, 72, 73, 74, 75, 76, 77, 88, 89, 99, 100, 101, 103, 104, 105, 106, 107, 108, 109, 113, 112, 111, 110, 85, 84, 83, 82, 81, 80, 79, 78, 57, 56, 55, 54, 53, 52, 51, 50, 49, 48, 60, 61, 62, 63, 64, 65, 66, 67, 68, 69, 71, 70, 44, 43, 42, 20, 19, 18, 7, 6, 8, 9, 10, 11, 12, 13, 14, 15, 41, 40, 16, 17, 39, 38, 37, 23, 24, 35, 34, 25, 26, 29, 30, 31, 32, 33, 28, 27, 1, 0]




