--------------------- Folder: pr152 ---------------------
Time taken to read the file: 0.0022857189178466797 seconds
-----------
Time taken to execute: 0.1166074275970459 seconds
Memory taken to execute: 32.0 kilobytes
Best cost: 79314.35040722211
Solution path: [0, 14, 31, 32, 36, 46, 50, 72, 74, 73, 75, 49, 48, 47, 76, 92, 93, 94, 91, 77, 90, 78, 96, 97, 98, 89, 79, 88, 80, 99, 112, 113, 44, 53, 68, 69, 70, 71, 52, 51, 45, 95, 114, 115, 123, 124, 125, 151, 149, 150, 126, 127, 122, 121, 128, 129, 148, 147, 146, 130, 131, 120, 119, 132, 133, 145, 144, 143, 134, 135, 118, 117, 136, 137, 142, 141, 140, 138, 139, 116, 109, 108, 107, 84, 83, 85, 106, 105, 104, 82, 62, 63, 58, 57, 41, 40, 59, 60, 61, 86, 111, 110, 103, 81, 87, 102, 101, 100, 66, 67, 55, 54, 43, 65, 64, 56, 42, 39, 17, 16, 8, 7, 9, 18, 20, 19, 6, 10, 38, 22, 21, 5, 11, 23, 24, 25, 4, 12, 37, 27, 26, 3, 13, 28, 29, 30, 2, 1, 15, 33, 35, 34, 0]




