--------------------- Folder: pr226 ---------------------
Time taken to read the file: 0.004197835922241211 seconds
-----------
Time taken to execute: 0.6195924282073975 seconds
Memory taken to execute: 148.0 kilobytes
Best cost: 92425.75353982349
Solution path: [0, 1, 2, 3, 4, 5, 7, 6, 8, 9, 14, 13, 10, 11, 15, 16, 66, 17, 18, 64, 19, 50, 63, 62, 61, 60, 59, 58, 57, 56, 55, 54, 53, 52, 51, 49, 20, 21, 22, 23, 24, 25, 27, 26, 28, 29, 34, 33, 30, 31, 43, 36, 38, 39, 40, 41, 37, 35, 32, 47, 48, 44, 45, 46, 42, 86, 94, 88, 95, 87, 96, 89, 97, 90, 98, 91, 99, 92, 100, 93, 101, 143, 136, 137, 145, 138, 144, 139, 146, 150, 151, 152, 153, 148, 140, 141, 147, 142, 149, 179, 178, 177, 176, 175, 174, 173, 172, 171, 170, 169, 168, 167, 166, 165, 164, 163, 162, 161, 160, 159, 158, 157, 156, 155, 154, 180, 181, 182, 183, 184, 185, 186, 187, 188, 189, 190, 191, 192, 193, 194, 195, 196, 197, 198, 199, 200, 201, 202, 203, 204, 205, 206, 207, 208, 209, 210, 211, 212, 213, 214, 215, 225, 224, 223, 222, 221, 220, 219, 218, 217, 216, 124, 131, 123, 129, 122, 130, 135, 134, 133, 132, 128, 121, 120, 126, 119, 127, 118, 125, 109, 117, 108, 116, 107, 115, 106, 114, 105, 113, 103, 112, 104, 111, 102, 110, 65, 69, 68, 67, 70, 12, 71, 85, 84, 83, 82, 81, 80, 79, 78, 77, 76, 75, 74, 73, 72, 0]




