--------------------- Folder: pr264 ---------------------
Time taken to read the file: 0.005254507064819336 seconds
-----------
Time taken to execute: 0.5809037685394287 seconds
Memory taken to execute: 28.0 kilobytes
Best cost: 54663.60243427483
Solution path: [0, 39, 40, 41, 42, 58, 43, 44, 45, 47, 55, 54, 126, 125, 124, 127, 53, 52, 49, 50, 51, 46, 48, 56, 57, 121, 122, 123, 154, 155, 156, 226, 227, 234, 235, 231, 232, 233, 228, 229, 151, 230, 150, 152, 153, 149, 148, 157, 158, 159, 225, 160, 161, 147, 146, 145, 144, 143, 164, 163, 162, 224, 223, 237, 236, 263, 239, 238, 222, 221, 167, 166, 165, 142, 240, 241, 219, 220, 168, 169, 170, 141, 140, 171, 172, 173, 217, 218, 242, 243, 245, 244, 216, 215, 176, 175, 174, 139, 138, 179, 178, 177, 214, 213, 247, 246, 249, 248, 212, 211, 182, 181, 180, 137, 136, 185, 184, 183, 210, 209, 251, 250, 253, 252, 208, 207, 188, 187, 186, 135, 191, 190, 189, 206, 205, 255, 254, 261, 262, 260, 256, 257, 203, 204, 192, 193, 194, 134, 133, 195, 196, 197, 200, 199, 202, 259, 258, 201, 198, 132, 130, 131, 129, 93, 92, 91, 78, 77, 11, 6, 80, 79, 90, 89, 88, 87, 86, 85, 84, 82, 81, 83, 5, 4, 2, 1, 3, 8, 7, 10, 9, 14, 13, 12, 17, 73, 74, 97, 98, 99, 94, 95, 96, 75, 76, 16, 15, 20, 19, 18, 23, 69, 70, 103, 104, 105, 100, 101, 102, 71, 72, 22, 21, 26, 25, 24, 29, 65, 66, 109, 110, 111, 106, 107, 108, 67, 68, 28, 27, 32, 31, 30, 112, 113, 114, 63, 64, 35, 38, 37, 36, 60, 59, 120, 119, 118, 128, 117, 116, 115, 62, 61, 34, 33, 0]




