--------------------- Folder: pr299 ---------------------
Time taken to read the file: 0.0066144466400146484 seconds
-----------
Time taken to execute: 1.7472453117370605 seconds
Memory taken to execute: 8.0 kilobytes
Best cost: 52968.219790603056
Solution path: [0, 7, 8, 9, 10, 11, 12, 13, 87, 89, 90, 88, 85, 84, 93, 95, 96, 138, 139, 160, 159, 210, 209, 207, 219, 206, 203, 205, 204, 222, 223, 225, 298, 226, 224, 279, 284, 285, 218, 283, 282, 281, 280, 277, 278, 275, 274, 276, 231, 232, 229, 230, 228, 202, 227, 199, 201, 198, 200, 165, 164, 130, 129, 103, 128, 131, 102, 132, 134, 136, 137, 162, 161, 163, 133, 135, 100, 99, 98, 83, 101, 81, 78, 79, 77, 75, 74, 76, 71, 72, 73, 70, 68, 69, 66, 67, 65, 62, 63, 104, 64, 61, 106, 105, 107, 108, 109, 60, 58, 59, 56, 43, 38, 57, 111, 110, 112, 122, 126, 125, 124, 176, 174, 175, 177, 186, 188, 189, 178, 170, 172, 171, 173, 127, 168, 169, 194, 193, 191, 190, 195, 238, 239, 240, 236, 237, 271, 272, 273, 234, 233, 197, 196, 166, 167, 235, 270, 268, 269, 242, 241, 192, 246, 245, 244, 243, 248, 247, 267, 266, 264, 265, 262, 260, 259, 254, 251, 252, 187, 249, 250, 263, 261, 256, 257, 258, 253, 255, 184, 185, 183, 182, 181, 180, 179, 119, 121, 120, 123, 117, 118, 116, 114, 115, 113, 54, 55, 53, 52, 51, 50, 49, 48, 47, 46, 45, 44, 40, 42, 39, 41, 36, 37, 35, 34, 31, 32, 33, 30, 29, 28, 27, 26, 25, 24, 23, 22, 20, 17, 18, 16, 14, 15, 19, 21, 80, 82, 97, 94, 86, 140, 141, 142, 156, 157, 158, 208, 221, 220, 211, 212, 217, 215, 216, 286, 287, 288, 290, 289, 291, 292, 297, 295, 296, 293, 294, 214, 213, 155, 154, 153, 144, 152, 151, 150, 149, 148, 146, 147, 145, 143, 92, 91, 6, 4, 5, 1, 2, 3, 0]




