--------------------- Folder: pr439 ---------------------
Time taken to read the file: 0.011903047561645508 seconds
-----------
Time taken to execute: 2.836254119873047 seconds
Memory taken to execute: 8.0 kilobytes
Best cost: 119532.0359030051
Solution path: [0, 3, 4, 5, 6, 7, 8, 9, 10, 36, 35, 34, 33, 32, 16, 15, 14, 13, 12, 11, 39, 40, 42, 44, 45, 48, 46, 55, 81, 80, 79, 78, 56, 57, 77, 85, 86, 76, 58, 59, 60, 74, 75, 61, 31, 30, 29, 28, 62, 72, 73, 27, 26, 25, 63, 24, 22, 23, 21, 20, 19, 18, 17, 65, 64, 66, 67, 68, 69, 71, 70, 90, 89, 88, 87, 106, 112, 113, 102, 114, 116, 119, 120, 121, 122, 124, 100, 99, 94, 95, 97, 96, 132, 131, 130, 129, 127, 98, 125, 128, 126, 123, 136, 135, 134, 133, 161, 162, 163, 164, 166, 165, 168, 169, 167, 172, 173, 171, 170, 206, 207, 205, 204, 202, 203, 174, 160, 159, 175, 176, 177, 178, 179, 180, 181, 182, 191, 183, 190, 189, 184, 144, 147, 146, 145, 111, 110, 109, 143, 107, 108, 105, 104, 103, 101, 93, 92, 91, 118, 117, 115, 141, 140, 139, 138, 137, 157, 158, 156, 155, 154, 153, 152, 150, 151, 142, 149, 192, 193, 194, 195, 196, 197, 215, 216, 240, 239, 238, 237, 236, 235, 234, 233, 232, 222, 223, 221, 220, 219, 218, 217, 241, 242, 243, 244, 245, 246, 247, 248, 249, 209, 210, 211, 212, 213, 214, 198, 199, 200, 201, 250, 208, 252, 251, 254, 253, 255, 256, 257, 313, 314, 315, 316, 317, 318, 319, 320, 321, 310, 322, 323, 324, 325, 306, 307, 263, 308, 309, 311, 312, 258, 259, 260, 261, 262, 264, 265, 266, 267, 305, 304, 268, 269, 270, 271, 300, 301, 302, 303, 329, 330, 328, 327, 326, 331, 332, 362, 368, 367, 366, 377, 384, 385, 386, 387, 400, 399, 430, 428, 427, 417, 416, 404, 403, 401, 415, 414, 418, 419, 420, 413, 388, 389, 378, 379, 375, 376, 344, 345, 346, 287, 347, 348, 349, 350, 351, 352, 353, 354, 355, 356, 357, 358, 369, 359, 360, 361, 363, 364, 365, 333, 334, 335, 336, 337, 338, 293, 294, 295, 296, 297, 298, 299, 272, 273, 274, 275, 276, 277, 278, 292, 291, 290, 289, 288, 286, 339, 285, 284, 279, 231, 230, 224, 187, 188, 186, 229, 280, 281, 228, 438, 434, 435, 436, 437, 433, 402, 407, 408, 410, 409, 424, 425, 423, 426, 431, 432, 429, 421, 422, 411, 412, 406, 405, 395, 396, 397, 392, 393, 394, 383, 382, 371, 381, 398, 391, 390, 380, 374, 373, 372, 370, 340, 341, 342, 343, 283, 282, 227, 225, 226, 185, 148, 82, 83, 84, 52, 53, 54, 37, 38, 41, 43, 47, 49, 50, 51, 1, 2, 0]




