--------------------- Folder: rat195 ---------------------
Time taken to read the file: 0.0034596920013427734 seconds
-----------
Time taken to execute: 0.5670211315155029 seconds
Memory taken to execute: 52.0 kilobytes
Best cost: 2648.0952220519634
Solution path: [0, 5, 18, 19, 20, 33, 34, 35, 36, 37, 38, 51, 50, 49, 48, 47, 46, 45, 58, 57, 69, 68, 67, 66, 65, 78, 79, 80, 81, 82, 83, 86, 85, 84, 71, 96, 97, 110, 111, 112, 113, 114, 115, 116, 129, 128, 141, 142, 155, 154, 153, 152, 164, 165, 151, 150, 160, 161, 162, 163, 149, 148, 147, 146, 133, 145, 159, 158, 171, 172, 173, 174, 175, 176, 177, 178, 191, 192, 193, 194, 181, 180, 179, 168, 167, 166, 190, 189, 188, 187, 186, 185, 184, 183, 182, 170, 169, 157, 156, 143, 144, 131, 132, 130, 117, 118, 119, 134, 135, 136, 137, 138, 139, 140, 127, 126, 125, 124, 123, 122, 121, 120, 107, 108, 109, 93, 106, 105, 104, 91, 92, 94, 95, 98, 99, 100, 101, 102, 103, 90, 89, 88, 87, 75, 74, 76, 77, 64, 63, 62, 61, 60, 59, 73, 72, 70, 56, 55, 42, 54, 53, 52, 39, 40, 41, 43, 44, 32, 31, 30, 29, 28, 27, 26, 14, 13, 15, 16, 17, 21, 22, 23, 24, 25, 12, 11, 10, 9, 8, 7, 6, 4, 3, 2, 1, 0]




