--------------------- Folder: rat575 ---------------------
Time taken to read the file: 0.020956039428710938 seconds
-----------
Time taken to execute: 15.840247631072998 seconds
Memory taken to execute: 220.0 kilobytes
Best cost: 7802.7491950184985
Solution path: [0, 1, 2, 3, 4, 5, 6, 7, 29, 30, 55, 79, 78, 80, 103, 104, 128, 106, 107, 133, 110, 111, 112, 90, 91, 67, 68, 66, 65, 88, 87, 89, 113, 114, 137, 160, 159, 158, 157, 134, 135, 136, 182, 181, 180, 203, 204, 205, 206, 183, 228, 229, 227, 252, 251, 274, 298, 275, 273, 272, 250, 249, 271, 247, 270, 269, 267, 291, 292, 314, 313, 290, 315, 316, 317, 295, 294, 293, 296, 297, 320, 321, 319, 318, 342, 344, 343, 341, 364, 363, 365, 366, 367, 389, 412, 390, 388, 411, 410, 387, 409, 386, 408, 385, 362, 340, 339, 338, 337, 336, 335, 359, 382, 358, 360, 361, 384, 383, 381, 404, 405, 428, 429, 427, 426, 448, 449, 450, 451, 472, 471, 470, 447, 446, 423, 422, 445, 467, 444, 443, 466, 489, 490, 469, 468, 491, 513, 515, 492, 493, 494, 495, 518, 520, 543, 542, 566, 565, 544, 567, 545, 546, 547, 569, 568, 570, 571, 572, 573, 550, 574, 551, 505, 528, 527, 526, 549, 548, 525, 524, 523, 501, 502, 503, 504, 480, 479, 477, 499, 500, 522, 521, 519, 517, 540, 539, 516, 541, 564, 563, 562, 561, 560, 538, 537, 514, 536, 535, 559, 558, 557, 556, 533, 532, 555, 554, 553, 552, 529, 530, 531, 534, 512, 511, 488, 465, 442, 441, 440, 464, 463, 462, 485, 487, 510, 486, 508, 509, 507, 506, 484, 460, 483, 461, 439, 438, 437, 416, 415, 414, 368, 391, 392, 370, 369, 393, 394, 371, 372, 373, 350, 374, 396, 397, 398, 399, 421, 420, 419, 417, 418, 395, 375, 376, 400, 401, 424, 425, 473, 498, 497, 496, 474, 475, 452, 476, 453, 454, 455, 456, 478, 457, 458, 481, 482, 459, 436, 413, 435, 434, 433, 432, 431, 430, 407, 406, 403, 402, 380, 379, 378, 377, 355, 353, 354, 332, 331, 356, 357, 334, 333, 311, 312, 310, 309, 308, 330, 307, 329, 328, 352, 351, 349, 326, 325, 348, 347, 346, 345, 322, 323, 324, 300, 299, 301, 302, 303, 327, 304, 306, 305, 283, 284, 282, 260, 285, 286, 287, 288, 289, 265, 266, 264, 241, 263, 262, 261, 259, 258, 257, 234, 233, 255, 253, 231, 232, 209, 210, 211, 188, 189, 190, 191, 192, 193, 170, 194, 216, 215, 214, 213, 235, 281, 280, 256, 279, 278, 277, 276, 254, 230, 207, 208, 185, 186, 187, 212, 236, 237, 238, 239, 240, 217, 218, 219, 220, 242, 243, 244, 268, 245, 222, 246, 248, 226, 225, 224, 223, 221, 198, 199, 197, 196, 195, 173, 174, 175, 176, 200, 201, 202, 178, 179, 156, 155, 177, 154, 153, 152, 151, 150, 127, 129, 132, 131, 130, 108, 109, 85, 86, 64, 63, 62, 61, 60, 37, 59, 81, 82, 83, 84, 105, 102, 101, 125, 124, 146, 145, 121, 120, 143, 142, 141, 140, 117, 94, 118, 119, 122, 100, 99, 77, 76, 75, 53, 54, 56, 57, 34, 58, 35, 36, 38, 15, 16, 17, 18, 43, 44, 45, 22, 21, 20, 19, 42, 41, 40, 39, 14, 13, 11, 12, 33, 10, 9, 8, 32, 31, 52, 51, 28, 27, 26, 25, 49, 50, 73, 72, 71, 95, 96, 97, 74, 98, 123, 147, 148, 126, 149, 172, 171, 169, 168, 167, 144, 166, 165, 164, 163, 162, 161, 184, 139, 138, 115, 116, 93, 92, 70, 69, 46, 48, 47, 23, 24, 0]




