--------------------- Folder: rat783 ---------------------
Time taken to read the file: 0.034180402755737305 seconds
-----------
Time taken to execute: 39.21861481666565 seconds
Memory taken to execute: 8.0 kilobytes
Best cost: 10102.874531719244
Solution path: [0, 36, 44, 45, 66, 80, 69, 79, 99, 96, 109, 114, 126, 152, 159, 174, 194, 195, 183, 204, 185, 179, 171, 184, 215, 214, 234, 241, 235, 238, 245, 265, 269, 288, 304, 312, 301, 327, 343, 357, 365, 370, 364, 375, 352, 345, 338, 322, 324, 331, 346, 349, 315, 306, 292, 305, 290, 285, 298, 318, 316, 326, 334, 355, 358, 351, 342, 362, 383, 394, 389, 386, 381, 400, 406, 422, 428, 435, 444, 451, 457, 452, 442, 465, 483, 484, 481, 471, 498, 510, 525, 532, 547, 550, 559, 575, 567, 595, 579, 585, 596, 597, 589, 598, 611, 626, 633, 640, 643, 618, 616, 612, 587, 577, 565, 562, 563, 555, 540, 541, 535, 534, 520, 504, 506, 500, 499, 514, 528, 551, 556, 546, 539, 538, 530, 517, 518, 512, 494, 490, 482, 476, 466, 456, 455, 448, 429, 425, 432, 421, 437, 424, 396, 388, 391, 404, 419, 423, 459, 472, 454, 462, 485, 491, 507, 511, 516, 505, 529, 533, 553, 561, 568, 560, 578, 593, 610, 625, 637, 639, 623, 647, 651, 658, 664, 671, 682, 696, 703, 724, 733, 737, 746, 777, 768, 760, 771, 764, 759, 744, 742, 738, 721, 705, 689, 679, 684, 678, 670, 677, 687, 708, 704, 717, 734, 735, 731, 757, 758, 775, 756, 767, 778, 776, 772, 773, 765, 747, 739, 754, 753, 736, 732, 718, 719, 720, 725, 748, 761, 749, 745, 730, 729, 726, 762, 769, 779, 780, 781, 782, 774, 770, 766, 752, 743, 727, 714, 750, 751, 763, 755, 741, 723, 740, 722, 715, 707, 701, 693, 702, 695, 716, 713, 728, 711, 710, 686, 681, 676, 657, 655, 662, 669, 642, 634, 624, 622, 619, 582, 584, 601, 607, 594, 591, 581, 566, 573, 592, 605, 603, 614, 628, 631, 641, 649, 661, 653, 652, 632, 630, 638, 617, 609, 588, 572, 580, 615, 636, 646, 675, 673, 667, 666, 663, 672, 692, 700, 699, 688, 709, 694, 685, 698, 706, 712, 691, 690, 697, 680, 674, 644, 654, 659, 656, 648, 660, 668, 683, 665, 650, 645, 635, 621, 608, 602, 606, 627, 620, 629, 613, 604, 600, 599, 583, 586, 590, 576, 569, 564, 557, 574, 570, 571, 558, 552, 542, 526, 521, 523, 513, 519, 492, 487, 501, 497, 477, 508, 524, 527, 536, 543, 531, 544, 548, 545, 537, 549, 554, 515, 522, 503, 509, 502, 489, 478, 461, 460, 480, 470, 467, 453, 450, 446, 439, 426, 420, 427, 441, 443, 403, 405, 412, 393, 398, 395, 378, 377, 368, 373, 366, 356, 354, 340, 328, 313, 314, 303, 296, 295, 308, 297, 323, 319, 333, 341, 330, 361, 360, 348, 397, 411, 402, 413, 431, 445, 458, 449, 464, 474, 488, 479, 473, 486, 496, 495, 493, 475, 463, 469, 468, 438, 430, 418, 434, 440, 447, 436, 433, 415, 401, 399, 414, 387, 384, 367, 372, 382, 363, 347, 380, 385, 379, 374, 390, 410, 417, 416, 409, 408, 407, 392, 376, 369, 371, 359, 353, 335, 350, 339, 337, 336, 309, 307, 287, 282, 286, 281, 262, 259, 270, 271, 251, 244, 240, 260, 278, 283, 284, 279, 264, 253, 233, 263, 246, 237, 217, 213, 222, 206, 219, 227, 228, 243, 220, 212, 225, 236, 250, 252, 261, 274, 256, 300, 311, 317, 310, 294, 325, 329, 321, 344, 332, 320, 302, 291, 280, 299, 289, 268, 249, 232, 224, 216, 205, 189, 199, 197, 178, 175, 162, 168, 156, 163, 164, 181, 172, 149, 143, 137, 117, 125, 120, 123, 158, 153, 166, 140, 129, 128, 131, 130, 157, 165, 173, 167, 169, 180, 176, 193, 198, 192, 170, 134, 133, 148, 141, 121, 147, 144, 177, 191, 202, 190, 188, 196, 187, 182, 200, 209, 218, 211, 210, 208, 231, 239, 257, 258, 267, 255, 266, 273, 272, 277, 275, 293, 276, 254, 229, 230, 226, 221, 247, 248, 242, 223, 207, 201, 203, 186, 160, 151, 142, 136, 132, 119, 110, 106, 93, 82, 75, 97, 94, 88, 73, 76, 101, 104, 107, 111, 139, 127, 115, 150, 135, 155, 161, 154, 146, 138, 145, 124, 122, 116, 87, 55, 48, 51, 56, 40, 46, 52, 57, 64, 62, 38, 32, 28, 9, 47, 63, 70, 84, 98, 67, 60, 58, 85, 81, 61, 49, 53, 71, 91, 102, 92, 89, 95, 90, 77, 68, 43, 54, 59, 72, 65, 103, 112, 118, 113, 108, 105, 100, 78, 83, 86, 74, 42, 37, 39, 5, 12, 10, 3, 33, 27, 23, 26, 25, 20, 15, 31, 41, 50, 13, 21, 34, 30, 19, 35, 7, 18, 29, 4, 2, 8, 11, 17, 6, 1, 22, 16, 24, 14, 0]




