--------------------- Folder: rat99 ---------------------
Time taken to read the file: 0.0020601749420166016 seconds
-----------
Time taken to execute: 0.1256089210510254 seconds
Memory taken to execute: 88.0 kilobytes
Best cost: 1367.431978722476
Solution path: [0, 9, 1, 2, 3, 13, 4, 5, 6, 7, 8, 17, 16, 15, 14, 22, 21, 23, 24, 25, 34, 26, 35, 43, 33, 44, 53, 52, 51, 50, 59, 60, 61, 62, 71, 80, 79, 70, 69, 68, 77, 78, 85, 86, 87, 88, 89, 98, 97, 96, 95, 94, 84, 75, 83, 82, 90, 91, 92, 93, 81, 72, 73, 74, 76, 67, 66, 65, 64, 63, 55, 56, 57, 58, 48, 49, 41, 42, 32, 31, 38, 47, 46, 45, 54, 37, 39, 40, 30, 29, 28, 36, 27, 18, 19, 20, 12, 11, 10, 0]




