--------------------- Folder: rd400 ---------------------
Time taken to read the file: 0.2987372875213623 seconds
-----------
Time taken to execute: 6.731613397598267 seconds
Memory taken to execute: 8.0 kilobytes
Best cost: 17538.632435257758
Solution path: [0, 202, 274, 272, 136, 55, 338, 156, 299, 306, 157, 343, 326, 292, 147, 109, 129, 310, 250, 112, 275, 396, 75, 68, 315, 117, 390, 41, 297, 383, 18, 88, 305, 267, 316, 172, 163, 12, 23, 239, 97, 287, 135, 57, 378, 345, 229, 212, 341, 48, 5, 150, 159, 63, 106, 195, 20, 14, 300, 29, 340, 6, 71, 153, 183, 278, 322, 118, 35, 270, 34, 205, 122, 46, 252, 123, 190, 22, 47, 67, 319, 395, 100, 349, 141, 61, 328, 253, 344, 59, 361, 31, 58, 223, 244, 362, 99, 10, 131, 331, 271, 389, 115, 313, 194, 386, 329, 92, 372, 392, 360, 15, 206, 2, 134, 265, 254, 4, 280, 211, 72, 381, 264, 121, 208, 1, 138, 384, 298, 359, 353, 107, 95, 102, 178, 56, 336, 376, 79, 225, 227, 259, 279, 140, 13, 51, 352, 124, 241, 30, 145, 188, 9, 261, 387, 222, 249, 268, 27, 377, 220, 175, 36, 74, 219, 230, 169, 317, 247, 354, 104, 323, 149, 137, 45, 324, 301, 85, 371, 282, 182, 176, 143, 197, 207, 77, 321, 350, 373, 291, 276, 187, 171, 266, 133, 363, 69, 80, 240, 93, 234, 332, 60, 32, 193, 170, 293, 130, 375, 11, 42, 125, 26, 296, 62, 320, 217, 290, 369, 142, 333, 309, 302, 103, 98, 385, 110, 269, 81, 105, 325, 273, 367, 165, 19, 214, 226, 65, 21, 366, 357, 91, 256, 146, 289, 370, 111, 263, 379, 108, 39, 248, 132, 351, 245, 167, 54, 238, 37, 43, 348, 312, 161, 224, 314, 286, 391, 113, 260, 101, 382, 231, 89, 120, 374, 78, 228, 258, 174, 318, 144, 180, 127, 7, 334, 90, 148, 337, 192, 398, 96, 218, 73, 139, 216, 181, 232, 17, 364, 304, 393, 49, 82, 295, 151, 179, 203, 209, 191, 155, 358, 158, 189, 307, 84, 365, 64, 83, 380, 173, 199, 397, 52, 94, 368, 196, 28, 24, 162, 330, 388, 355, 186, 347, 277, 86, 311, 242, 339, 152, 126, 342, 40, 70, 184, 87, 251, 243, 50, 164, 237, 262, 235, 154, 356, 233, 394, 288, 399, 53, 198, 76, 283, 210, 204, 66, 16, 185, 116, 281, 335, 294, 38, 303, 114, 221, 246, 119, 128, 166, 327, 25, 215, 284, 201, 213, 177, 308, 346, 285, 257, 236, 33, 160, 44, 255, 168, 3, 0, 8, 200]




