--------------------- Folder: st70 ---------------------
Time taken to read the file: 0.0013620853424072266 seconds
-----------
Time taken to execute: 0.08658337593078613 seconds
Memory taken to execute: 16.0 kilobytes
Best cost: 756.7061167632661
Solution path: [0, 15, 46, 36, 57, 49, 9, 11, 32, 53, 66, 55, 50, 64, 63, 10, 47, 61, 60, 39, 44, 38, 24, 45, 26, 8, 16, 42, 67, 43, 29, 19, 13, 27, 7, 54, 48, 25, 2, 31, 6, 18, 1, 3, 17, 41, 5, 40, 20, 33, 59, 51, 4, 52, 65, 62, 56, 14, 23, 21, 58, 37, 68, 34, 69, 28, 12, 30, 22, 0, 35]




