--------------------- Folder: ts225 ---------------------
Time taken to read the file: 0.00436091423034668 seconds
-----------
Time taken to execute: 0.1959073543548584 seconds
Memory taken to execute: 8.0 kilobytes
Best cost: 133282.1703627935
Solution path: [0, 125, 126, 127, 128, 129, 25, 50, 175, 176, 177, 178, 179, 75, 208, 207, 206, 205, 81, 82, 83, 84, 85, 86, 87, 189, 188, 187, 186, 185, 62, 164, 163, 162, 161, 160, 37, 139, 138, 137, 136, 135, 12, 13, 14, 15, 16, 17, 18, 148, 147, 146, 145, 24, 23, 22, 21, 20, 19, 140, 141, 142, 143, 144, 43, 165, 166, 167, 168, 169, 68, 190, 191, 192, 193, 194, 93, 215, 216, 217, 218, 219, 118, 119, 120, 121, 122, 123, 124, 224, 223, 222, 221, 220, 99, 199, 98, 97, 96, 95, 94, 92, 91, 90, 89, 88, 210, 211, 212, 213, 214, 112, 117, 116, 115, 114, 113, 111, 110, 109, 108, 107, 106, 209, 105, 104, 103, 102, 101, 100, 204, 203, 202, 201, 200, 76, 77, 78, 79, 80, 184, 183, 182, 181, 180, 56, 159, 158, 157, 156, 155, 31, 32, 33, 34, 35, 36, 38, 39, 40, 41, 42, 44, 45, 46, 47, 48, 49, 149, 170, 171, 172, 173, 174, 74, 198, 197, 196, 195, 73, 72, 71, 70, 69, 67, 66, 65, 64, 63, 61, 60, 59, 58, 57, 55, 54, 53, 52, 51, 154, 153, 152, 151, 150, 26, 27, 28, 29, 30, 134, 133, 132, 131, 130, 6, 11, 10, 9, 8, 7, 5, 4, 3, 2, 1, 0]




