--------------------- Folder: u1060 ---------------------
Time taken to read the file: 0.05434465408325195 seconds
-----------
Time taken to execute: 81.83719110488892 seconds
Memory taken to execute: 8.0 kilobytes
Best cost: 249108.58459439888
Solution path: [0, 3, 1058, 1057, 1056, 1055, 1054, 1051, 1053, 1052, 1050, 1049, 1042, 1043, 33, 1041, 1040, 1045, 1047, 1048, 1046, 1044, 1039, 1038, 36, 1033, 1037, 1036, 1035, 1034, 1032, 1031, 1030, 56, 55, 57, 58, 63, 1028, 1029, 1027, 1018, 1026, 1019, 1020, 1009, 1021, 1025, 1006, 1022, 1024, 1023, 1005, 1004, 1003, 997, 998, 1001, 999, 1000, 1013, 1014, 1012, 992, 991, 990, 978, 977, 981, 973, 972, 970, 971, 969, 974, 975, 976, 980, 979, 983, 982, 984, 985, 989, 986, 987, 988, 993, 994, 995, 996, 1002, 1007, 1008, 1010, 1011, 1016, 1015, 1017, 65, 64, 62, 61, 59, 60, 54, 53, 38, 37, 39, 41, 40, 34, 35, 32, 24, 23, 25, 21, 22, 83, 99, 84, 85, 86, 87, 91, 90, 89, 88, 82, 47, 46, 45, 44, 43, 42, 50, 49, 48, 51, 52, 70, 71, 69, 68, 67, 66, 72, 73, 74, 75, 76, 80, 79, 78, 77, 81, 957, 958, 959, 960, 961, 962, 963, 956, 964, 968, 967, 966, 942, 943, 941, 944, 945, 946, 947, 965, 948, 949, 954, 955, 950, 951, 953, 952, 927, 929, 930, 928, 931, 932, 933, 940, 939, 935, 934, 936, 937, 938, 837, 835, 834, 833, 832, 826, 831, 829, 828, 827, 830, 824, 825, 823, 822, 821, 836, 819, 820, 817, 818, 838, 840, 844, 845, 846, 851, 847, 848, 849, 850, 854, 855, 853, 852, 228, 227, 229, 231, 232, 233, 223, 230, 236, 237, 238, 239, 245, 244, 243, 241, 240, 839, 242, 843, 841, 842, 226, 225, 224, 856, 859, 857, 858, 221, 222, 220, 218, 217, 219, 863, 865, 864, 862, 861, 860, 920, 921, 919, 922, 924, 925, 926, 923, 917, 918, 914, 913, 916, 915, 912, 911, 907, 908, 909, 910, 906, 904, 903, 905, 902, 901, 899, 900, 894, 895, 896, 898, 897, 893, 892, 890, 889, 888, 882, 883, 885, 886, 884, 131, 113, 111, 887, 881, 880, 879, 872, 873, 877, 878, 874, 876, 875, 869, 871, 870, 868, 867, 866, 214, 215, 213, 212, 211, 210, 209, 205, 216, 208, 207, 206, 200, 203, 202, 201, 199, 258, 259, 260, 261, 262, 257, 256, 255, 285, 284, 283, 282, 281, 280, 373, 384, 385, 386, 383, 382, 381, 405, 403, 404, 396, 397, 398, 399, 402, 400, 401, 427, 428, 429, 430, 431, 432, 434, 433, 435, 436, 614, 615, 613, 616, 617, 623, 619, 622, 621, 625, 627, 626, 628, 629, 630, 635, 636, 637, 638, 639, 640, 643, 641, 642, 668, 669, 667, 666, 664, 665, 657, 662, 659, 660, 661, 644, 646, 647, 645, 648, 650, 649, 651, 652, 653, 658, 654, 656, 655, 663, 634, 633, 632, 631, 624, 620, 618, 612, 611, 610, 609, 602, 604, 605, 608, 606, 607, 670, 682, 683, 684, 685, 686, 693, 694, 692, 691, 690, 701, 703, 704, 702, 705, 706, 707, 721, 720, 719, 708, 709, 710, 711, 712, 713, 714, 715, 718, 717, 716, 677, 678, 676, 675, 673, 674, 671, 672, 679, 680, 681, 689, 688, 687, 695, 696, 590, 589, 588, 570, 569, 568, 586, 587, 585, 583, 584, 582, 725, 726, 728, 727, 724, 723, 722, 699, 700, 698, 697, 581, 580, 579, 578, 576, 575, 574, 736, 737, 544, 545, 546, 547, 543, 542, 541, 548, 539, 549, 529, 530, 526, 525, 531, 532, 524, 523, 522, 521, 520, 516, 514, 515, 503, 502, 501, 499, 500, 504, 513, 511, 512, 505, 510, 509, 508, 507, 506, 498, 497, 495, 496, 517, 519, 518, 482, 481, 479, 475, 477, 476, 468, 467, 466, 464, 469, 470, 473, 472, 465, 471, 474, 480, 478, 527, 528, 550, 551, 552, 564, 563, 562, 561, 560, 559, 557, 558, 454, 453, 452, 594, 593, 592, 591, 595, 596, 597, 445, 599, 598, 450, 451, 457, 458, 455, 456, 449, 448, 446, 447, 441, 443, 442, 444, 603, 601, 600, 437, 438, 439, 440, 426, 425, 424, 423, 418, 417, 416, 415, 413, 414, 412, 410, 411, 409, 408, 407, 406, 419, 420, 421, 422, 463, 462, 461, 460, 459, 553, 554, 555, 556, 565, 566, 567, 571, 572, 573, 577, 735, 734, 733, 729, 730, 731, 732, 738, 739, 740, 743, 742, 741, 744, 745, 746, 747, 748, 537, 536, 535, 540, 538, 533, 534, 749, 750, 751, 752, 755, 756, 757, 758, 759, 754, 753, 760, 761, 762, 763, 764, 765, 766, 767, 768, 769, 770, 775, 777, 776, 771, 772, 773, 774, 778, 779, 780, 783, 784, 785, 786, 787, 782, 781, 788, 789, 790, 791, 792, 793, 794, 795, 800, 801, 802, 803, 804, 799, 798, 797, 796, 342, 341, 339, 340, 337, 335, 336, 334, 332, 331, 333, 330, 324, 323, 322, 321, 325, 350, 349, 351, 353, 352, 295, 296, 298, 299, 297, 294, 293, 292, 291, 290, 289, 288, 300, 302, 303, 308, 312, 313, 314, 307, 306, 315, 316, 815, 816, 814, 813, 811, 810, 809, 808, 807, 805, 806, 812, 317, 305, 318, 304, 301, 319, 320, 326, 327, 328, 329, 338, 343, 346, 345, 347, 344, 348, 354, 355, 356, 357, 360, 361, 362, 363, 365, 366, 368, 367, 489, 488, 487, 486, 485, 484, 483, 491, 490, 492, 494, 493, 359, 358, 364, 369, 370, 372, 371, 374, 375, 379, 378, 377, 376, 380, 387, 395, 394, 393, 392, 391, 390, 389, 388, 275, 276, 274, 273, 272, 271, 270, 269, 268, 267, 277, 278, 279, 287, 286, 311, 309, 310, 247, 248, 250, 249, 234, 235, 246, 251, 252, 254, 253, 264, 263, 265, 266, 195, 196, 197, 194, 193, 198, 204, 189, 192, 191, 190, 188, 183, 184, 185, 187, 186, 182, 181, 180, 179, 178, 177, 176, 175, 174, 173, 172, 171, 170, 169, 168, 167, 166, 163, 162, 161, 160, 158, 157, 159, 165, 164, 155, 156, 154, 153, 152, 151, 150, 149, 148, 147, 142, 146, 145, 144, 143, 141, 140, 139, 138, 137, 135, 134, 132, 133, 130, 129, 127, 128, 123, 124, 125, 126, 136, 7, 8, 121, 122, 14, 120, 117, 118, 116, 115, 119, 114, 112, 108, 110, 109, 891, 94, 95, 107, 96, 97, 98, 93, 92, 101, 100, 102, 103, 106, 105, 104, 15, 17, 16, 18, 12, 13, 19, 20, 26, 27, 31, 28, 29, 11, 30, 10, 9, 1059, 4, 6, 5, 1, 2, 0]




