--------------------- Folder: u159 ---------------------
Time taken to read the file: 0.005944728851318359 seconds
-----------
Time taken to execute: 0.3110976219177246 seconds
Memory taken to execute: 88.0 kilobytes
Best cost: 47581.71632624036
Solution path: [0, 2, 1, 3, 155, 156, 157, 154, 153, 150, 6, 7, 147, 149, 148, 146, 145, 11, 10, 143, 144, 142, 141, 140, 138, 139, 136, 137, 36, 35, 37, 134, 135, 132, 133, 131, 130, 127, 129, 128, 123, 126, 125, 124, 112, 111, 110, 109, 108, 107, 117, 116, 115, 114, 113, 122, 121, 43, 120, 119, 118, 92, 91, 90, 89, 88, 93, 87, 86, 96, 97, 98, 99, 100, 101, 102, 103, 104, 105, 106, 94, 95, 85, 84, 83, 82, 81, 80, 79, 78, 77, 71, 70, 69, 68, 67, 66, 65, 64, 63, 61, 62, 53, 52, 54, 55, 56, 57, 58, 59, 60, 72, 75, 76, 74, 73, 49, 51, 50, 48, 47, 46, 45, 44, 42, 41, 40, 38, 39, 33, 34, 32, 31, 30, 18, 29, 28, 27, 26, 25, 24, 23, 22, 21, 20, 19, 17, 16, 14, 15, 13, 12, 9, 8, 151, 152, 5, 4, 158, 0]




