--------------------- Folder: u574 ---------------------
Time taken to read the file: 0.02169513702392578 seconds
-----------
Time taken to execute: 14.286149740219116 seconds
Memory taken to execute: 8.0 kilobytes
Best cost: 41337.60957541716
Solution path: [0, 568, 569, 567, 566, 565, 564, 563, 1, 3, 2, 47, 48, 49, 50, 51, 52, 53, 54, 56, 57, 55, 79, 80, 78, 81, 82, 83, 85, 84, 109, 108, 107, 106, 104, 105, 103, 102, 101, 100, 99, 95, 138, 137, 136, 135, 134, 133, 130, 132, 131, 123, 124, 125, 69, 68, 67, 66, 65, 126, 127, 128, 129, 64, 70, 71, 72, 74, 75, 76, 77, 58, 59, 60, 61, 62, 63, 73, 114, 115, 116, 117, 119, 118, 121, 120, 98, 94, 93, 92, 91, 90, 89, 88, 87, 110, 111, 112, 113, 122, 97, 96, 139, 140, 141, 142, 143, 144, 145, 146, 147, 148, 150, 151, 149, 158, 157, 156, 155, 159, 161, 160, 162, 154, 163, 153, 152, 167, 168, 169, 170, 171, 172, 173, 175, 210, 209, 177, 178, 179, 180, 284, 285, 286, 287, 288, 289, 290, 291, 292, 293, 294, 295, 298, 297, 296, 304, 305, 306, 307, 281, 282, 283, 303, 302, 301, 300, 299, 310, 309, 311, 308, 312, 313, 314, 315, 316, 317, 318, 319, 320, 321, 322, 325, 324, 323, 327, 328, 329, 326, 330, 334, 336, 335, 333, 332, 331, 268, 378, 379, 377, 374, 373, 372, 371, 338, 337, 339, 340, 342, 343, 341, 370, 369, 344, 345, 346, 368, 367, 366, 349, 350, 348, 347, 365, 364, 363, 362, 361, 360, 359, 358, 410, 409, 404, 408, 407, 406, 405, 393, 392, 391, 390, 260, 259, 258, 256, 257, 254, 255, 394, 396, 459, 462, 463, 464, 465, 466, 469, 473, 514, 515, 516, 517, 518, 246, 245, 201, 247, 248, 200, 199, 198, 197, 196, 194, 193, 192, 190, 191, 189, 188, 195, 249, 250, 252, 251, 253, 474, 475, 476, 477, 512, 513, 478, 479, 480, 481, 496, 497, 498, 499, 500, 501, 502, 504, 503, 510, 511, 509, 508, 507, 505, 506, 482, 483, 484, 492, 493, 494, 495, 490, 491, 489, 488, 487, 486, 485, 471, 470, 472, 468, 467, 456, 458, 457, 460, 461, 395, 397, 398, 399, 448, 449, 455, 450, 453, 454, 451, 452, 441, 442, 443, 446, 444, 445, 432, 433, 434, 435, 439, 436, 437, 438, 429, 430, 431, 440, 447, 400, 401, 402, 403, 415, 416, 424, 425, 426, 427, 428, 423, 422, 421, 420, 419, 418, 417, 414, 413, 412, 411, 357, 356, 355, 352, 353, 354, 351, 375, 376, 380, 381, 384, 383, 382, 385, 386, 387, 389, 272, 271, 270, 269, 267, 266, 265, 388, 264, 263, 273, 274, 275, 276, 277, 262, 261, 278, 279, 280, 187, 186, 185, 184, 208, 231, 232, 233, 234, 235, 236, 239, 238, 237, 205, 206, 204, 203, 242, 241, 243, 244, 202, 520, 519, 521, 522, 523, 524, 527, 530, 531, 532, 534, 533, 525, 526, 529, 528, 535, 536, 537, 538, 539, 541, 542, 540, 543, 544, 13, 547, 548, 546, 545, 12, 11, 549, 550, 551, 552, 553, 554, 555, 558, 559, 556, 557, 6, 560, 561, 562, 5, 4, 7, 8, 9, 10, 34, 33, 32, 30, 31, 19, 17, 20, 21, 218, 217, 216, 215, 214, 211, 213, 212, 165, 166, 174, 176, 181, 182, 183, 207, 230, 228, 229, 227, 226, 225, 240, 224, 223, 222, 219, 220, 221, 15, 14, 16, 18, 22, 23, 24, 164, 25, 26, 29, 27, 28, 86, 35, 36, 37, 38, 39, 42, 41, 40, 43, 44, 45, 46, 570, 571, 572, 573, 0]




