--------------------- Folder: u724 ---------------------
Time taken to read the file: 0.02863764762878418 seconds
-----------
Time taken to execute: 26.939306020736694 seconds
Memory taken to execute: 8.0 kilobytes
Best cost: 47954.682397622775
Solution path: [0, 11, 12, 723, 722, 721, 693, 10, 720, 703, 702, 711, 712, 3, 2, 697, 692, 695, 691, 21, 690, 93, 694, 698, 710, 701, 8, 709, 6, 716, 715, 7, 708, 700, 718, 719, 699, 16, 99, 100, 89, 68, 111, 51, 67, 108, 50, 49, 58, 59, 104, 61, 60, 57, 55, 56, 74, 113, 109, 112, 75, 76, 54, 53, 71, 72, 52, 73, 110, 114, 82, 84, 63, 115, 70, 105, 103, 69, 62, 83, 85, 14, 5, 707, 706, 717, 713, 705, 704, 4, 9, 15, 18, 19, 97, 86, 101, 87, 88, 102, 96, 95, 686, 30, 46, 688, 687, 92, 44, 43, 38, 685, 32, 35, 676, 668, 680, 671, 78, 669, 679, 667, 677, 674, 672, 655, 658, 627, 613, 619, 631, 155, 609, 160, 162, 163, 142, 154, 630, 610, 612, 682, 673, 654, 611, 629, 616, 622, 621, 617, 614, 615, 635, 161, 156, 608, 159, 157, 153, 164, 604, 165, 141, 143, 172, 144, 173, 175, 177, 182, 180, 181, 179, 178, 176, 183, 174, 597, 599, 590, 592, 595, 559, 564, 529, 533, 202, 203, 201, 199, 236, 241, 238, 239, 234, 205, 237, 240, 242, 226, 216, 217, 243, 254, 244, 245, 204, 200, 206, 253, 512, 219, 227, 330, 321, 229, 325, 354, 355, 303, 356, 310, 313, 360, 362, 474, 467, 468, 469, 453, 455, 454, 464, 463, 466, 417, 418, 465, 458, 419, 459, 462, 456, 415, 416, 295, 486, 485, 477, 478, 480, 481, 495, 498, 339, 341, 494, 340, 348, 351, 496, 491, 490, 479, 489, 487, 296, 476, 475, 363, 488, 359, 357, 358, 482, 315, 361, 402, 473, 472, 404, 470, 471, 368, 369, 370, 371, 367, 372, 366, 373, 365, 374, 375, 376, 377, 378, 379, 380, 381, 382, 384, 383, 387, 386, 388, 385, 390, 389, 391, 392, 393, 399, 406, 400, 395, 394, 396, 398, 405, 397, 311, 312, 309, 314, 308, 401, 306, 304, 307, 305, 316, 302, 318, 317, 320, 231, 329, 232, 233, 319, 327, 333, 326, 230, 228, 214, 218, 324, 322, 331, 328, 332, 334, 335, 336, 323, 347, 337, 338, 346, 513, 220, 207, 246, 255, 191, 518, 225, 223, 224, 517, 519, 516, 515, 222, 215, 345, 349, 350, 492, 493, 499, 500, 301, 300, 299, 484, 298, 294, 297, 483, 291, 403, 364, 423, 422, 421, 420, 424, 425, 426, 427, 428, 429, 430, 431, 432, 434, 433, 435, 436, 437, 438, 439, 440, 441, 442, 443, 444, 445, 446, 447, 448, 449, 450, 451, 452, 460, 410, 411, 457, 412, 461, 413, 414, 409, 408, 292, 407, 293, 290, 285, 284, 289, 286, 287, 288, 503, 352, 506, 509, 497, 344, 343, 342, 221, 208, 520, 525, 514, 247, 250, 249, 252, 212, 213, 508, 507, 353, 501, 502, 504, 505, 211, 510, 251, 248, 209, 521, 261, 524, 262, 263, 260, 259, 210, 511, 526, 197, 196, 194, 258, 271, 274, 272, 276, 281, 280, 279, 282, 283, 128, 129, 602, 126, 131, 132, 127, 130, 278, 275, 277, 273, 270, 267, 266, 192, 193, 265, 523, 268, 522, 264, 257, 188, 543, 567, 575, 580, 571, 556, 555, 554, 578, 579, 577, 576, 584, 566, 583, 601, 603, 146, 135, 148, 145, 171, 166, 167, 122, 123, 124, 168, 169, 125, 170, 121, 649, 117, 648, 118, 650, 652, 647, 640, 646, 651, 644, 645, 641, 643, 633, 675, 666, 625, 628, 634, 620, 637, 151, 152, 607, 605, 589, 593, 587, 591, 598, 600, 138, 139, 632, 624, 659, 662, 663, 678, 665, 34, 37, 29, 81, 64, 33, 66, 65, 107, 77, 106, 116, 642, 639, 638, 119, 120, 150, 149, 134, 147, 133, 588, 585, 586, 568, 549, 573, 565, 572, 550, 186, 553, 563, 552, 185, 184, 574, 558, 594, 596, 557, 551, 560, 548, 545, 546, 536, 562, 561, 537, 269, 190, 534, 532, 531, 538, 535, 530, 527, 539, 528, 540, 198, 235, 195, 256, 189, 544, 547, 542, 541, 187, 570, 581, 569, 582, 606, 137, 136, 140, 636, 618, 158, 623, 626, 657, 656, 660, 664, 653, 661, 681, 670, 79, 40, 48, 41, 684, 80, 47, 39, 91, 90, 26, 98, 17, 13, 25, 94, 22, 27, 689, 42, 45, 31, 683, 36, 28, 24, 23, 20, 696, 1, 714, 0]




