--------------------- Folder: vm1084 ---------------------
Time taken to read the file: 0.05734848976135254 seconds
-----------
Time taken to execute: 42.6716468334198 seconds
Memory taken to execute: 8.0 kilobytes
Best cost: 260833.0616257126
Solution path: [0, 250, 104, 352, 420, 499, 77, 75, 649, 512, 505, 591, 395, 176, 411, 96, 630, 203, 627, 87, 48, 45, 124, 569, 566, 216, 364, 53, 563, 154, 201, 202, 310, 32, 556, 560, 46, 383, 474, 631, 628, 88, 49, 504, 435, 592, 408, 513, 103, 498, 351, 63, 245, 650, 501, 653, 444, 507, 174, 347, 598, 520, 574, 421, 438, 66, 35, 386, 172, 167, 625, 522, 370, 376, 516, 192, 94, 43, 466, 107, 79, 451, 471, 463, 418, 509, 179, 469, 599, 521, 517, 193, 95, 626, 44, 477, 494, 491, 448, 442, 184, 423, 294, 226, 142, 321, 293, 483, 481, 482, 320, 480, 429, 427, 587, 120, 589, 387, 106, 108, 110, 112, 115, 114, 117, 590, 119, 118, 611, 116, 113, 617, 111, 109, 586, 105, 585, 1036, 782, 992, 1049, 1038, 995, 1045, 1052, 609, 987, 766, 1035, 1056, 773, 767, 993, 943, 941, 1000, 681, 999, 881, 879, 1069, 1062, 1048, 986, 959, 949, 897, 1044, 1034, 1033, 603, 635, 947, 702, 770, 346, 348, 349, 527, 528, 529, 518, 519, 615, 604, 170, 369, 441, 171, 168, 584, 169, 588, 616, 605, 610, 1063, 721, 963, 688, 709, 728, 967, 975, 730, 731, 977, 1057, 732, 733, 1053, 1039, 734, 121, 735, 776, 1037, 937, 934, 972, 918, 935, 969, 932, 428, 426, 970, 845, 862, 661, 804, 750, 752, 802, 663, 848, 835, 833, 866, 842, 671, 794, 748, 738, 793, 672, 830, 868, 430, 265, 857, 870, 675, 669, 811, 725, 715, 809, 677, 741, 839, 281, 876, 874, 849, 684, 801, 712, 743, 714, 799, 686, 266, 861, 878, 936, 431, 933, 806, 759, 1060, 664, 789, 910, 754, 997, 524, 525, 526, 998, 916, 864, 914, 747, 837, 908, 844, 900, 831, 270, 267, 892, 871, 888, 841, 285, 1076, 850, 1074, 858, 667, 642, 301, 643, 644, 302, 303, 284, 334, 286, 335, 292, 377, 389, 278, 138, 398, 323, 401, 300, 282, 148, 392, 204, 9, 621, 229, 425, 157, 345, 219, 319, 333, 85, 133, 82, 222, 38, 342, 339, 30, 234, 484, 299, 130, 129, 101, 18, 140, 329, 315, 332, 27, 22, 212, 125, 139, 21, 326, 275, 8, 145, 20, 7, 276, 287, 327, 272, 146, 298, 223, 195, 143, 189, 227, 5, 432, 183, 486, 404, 322, 388, 295, 470, 19, 419, 228, 4, 186, 433, 182, 422, 457, 552, 42, 93, 515, 551, 454, 191, 575, 460, 523, 510, 573, 173, 506, 651, 652, 500, 412, 246, 578, 243, 247, 497, 350, 593, 514, 50, 632, 629, 102, 89, 503, 47, 97, 177, 178, 200, 123, 568, 565, 215, 363, 122, 564, 567, 695, 54, 214, 362, 534, 55, 533, 1003, 1022, 1024, 796, 890, 696, 1004, 1005, 536, 537, 51, 52, 535, 679, 736, 693, 1006, 1020, 538, 561, 562, 557, 555, 558, 559, 155, 156, 554, 1016, 1018, 854, 758, 787, 772, 690, 983, 718, 90, 91, 98, 384, 92, 726, 1067, 1065, 692, 723, 719, 990, 1041, 707, 882, 979, 898, 818, 812, 238, 239, 414, 815, 926, 1031, 981, 817, 1080, 905, 385, 821, 823, 825, 827, 1079, 985, 913, 659, 701, 769, 703, 1028, 880, 682, 906, 903, 994, 768, 765, 925, 988, 923, 996, 895, 1029, 781, 899, 991, 1014, 720, 940, 1026, 931, 670, 775, 966, 476, 919, 938, 660, 962, 846, 929, 907, 863, 927, 805, 662, 1027, 751, 1042, 847, 956, 952, 803, 1046, 1054, 958, 946, 636, 446, 836, 1058, 1070, 954, 834, 950, 1072, 1082, 960, 795, 948, 886, 753, 867, 942, 792, 944, 673, 739, 1043, 596, 637, 602, 614, 235, 613, 601, 655, 595, 440, 856, 869, 674, 1047, 668, 810, 873, 724, 1055, 875, 487, 740, 716, 1059, 808, 676, 920, 749, 1071, 638, 405, 683, 1073, 800, 711, 1083, 742, 713, 685, 887, 798, 877, 860, 964, 778, 807, 968, 665, 780, 790, 976, 760, 755, 784, 921, 978, 746, 917, 865, 843, 786, 774, 973, 1012, 1061, 791, 915, 838, 901, 1013, 761, 832, 893, 762, 763, 1077, 744, 851, 764, 166, 1075, 859, 666, 12, 745, 15, 13, 135, 134, 165, 648, 647, 164, 872, 840, 889, 162, 361, 163, 360, 366, 269, 367, 271, 161, 160, 550, 549, 209, 548, 909, 911, 971, 974, 488, 490, 489, 208, 407, 207, 406, 473, 187, 39, 657, 358, 217, 343, 40, 317, 231, 479, 11, 493, 159, 496, 136, 199, 291, 181, 391, 400, 280, 379, 623, 394, 325, 403, 150, 196, 206, 190, 83, 131, 80, 220, 641, 36, 288, 141, 128, 86, 357, 337, 25, 313, 24, 127, 331, 16, 236, 656, 99, 340, 620, 232, 28, 218, 344, 158, 10, 149, 402, 622, 324, 290, 283, 336, 304, 645, 316, 14, 646, 359, 365, 268, 378, 390, 279, 399, 485, 137, 289, 393, 205, 230, 318, 41, 84, 132, 81, 221, 37, 341, 233, 338, 29, 100, 237, 17, 26, 314, 23, 211, 619, 126, 330, 640, 424, 478, 213, 495, 492, 443, 210, 328, 449, 180, 147, 639, 452, 618, 277, 464, 198, 6, 144, 224, 297, 273, 467, 472, 356, 458, 274, 225, 461, 296, 455, 612, 600, 594, 572, 416, 3, 434, 571, 439, 570, 553, 1015, 729, 710, 687, 445, 437, 410, 415, 511, 413, 382, 475, 68, 65, 67, 436, 255, 64, 397, 409, 252, 381, 261, 258, 2, 254, 242, 577, 396, 374, 76, 248, 240, 251, 453, 185, 459, 253, 241, 380, 576, 244, 249, 502, 654, 260, 456, 197, 1, 257, 188, 417, 462, 194, 450, 508, 624, 465, 597, 175, 583, 375, 447, 582, 373, 581, 953, 945, 928, 785, 783, 894, 957, 951, 1081, 779, 777, 1051, 982, 955, 727, 826, 824, 822, 634, 580, 608, 368, 820, 658, 816, 814, 813, 819, 700, 883, 930, 980, 1030, 902, 1032, 708, 699, 961, 989, 1078, 922, 1068, 829, 984, 1040, 912, 1050, 705, 697, 965, 771, 904, 924, 896, 704, 1008, 1064, 691, 722, 717, 788, 1066, 1007, 1017, 1019, 689, 1011, 855, 757, 1021, 756, 853, 1010, 885, 828, 1023, 891, 797, 884, 353, 262, 678, 1025, 852, 1001, 680, 1009, 694, 1002, 737, 355, 544, 307, 532, 542, 34, 530, 354, 305, 31, 306, 545, 531, 33, 543, 309, 311, 308, 152, 312, 546, 151, 153, 547, 539, 540, 263, 541, 69, 371, 70, 56, 606, 71, 264, 939, 698, 706, 633, 73, 58, 72, 57, 74, 468, 59, 372, 78, 61, 607, 60, 579, 62, 256, 259, 0]




