--------------------- Folder: bier127 ---------------------
Time taken to read the file: 0.001161813735961914 seconds
-----------
Time taken to execute: 0.07992267608642578 seconds
Memory taken to execute: 36.0 kilobytes
Best cost: 158637.60615918832
Solution path: [0, 15, 1, 50, 56, 53, 44, 102, 92, 94, 122, 96, 97, 126, 43, 120, 4, 55, 51, 123, 54, 65, 46, 48, 52, 117, 47, 45, 93, 111, 110, 106, 36, 35, 34, 40, 13, 11, 29, 26, 30, 42, 33, 38, 37, 25, 24, 32, 121, 27, 28, 31, 41, 39, 6, 104, 113, 105, 5, 107, 3, 21, 18, 71, 7, 20, 16, 17, 76, 78, 79, 77, 75, 74, 116, 83, 80, 125, 81, 82, 101, 100, 73, 72, 66, 67, 70, 69, 68, 109, 108, 95, 118, 62, 86, 85, 84, 87, 22, 23, 8, 10, 19, 14, 119, 9, 2, 89, 115, 59, 61, 60, 90, 57, 63, 112, 124, 88, 91, 98, 103, 64, 99, 58, 12, 114, 49, 0]




