--------------------- Folder: ch130 ---------------------
Time taken to read the file: 0.0012421607971191406 seconds
-----------
Time taken to execute: 0.07808542251586914 seconds
Memory taken to execute: 40.0 kilobytes
Best cost: 8128.757281130948
Solution path: [0, 40, 38, 70, 129, 49, 1, 117, 79, 45, 19, 92, 36, 21, 46, 39, 43, 41, 50, 59, 119, 52, 48, 57, 105, 37, 78, 94, 115, 23, 14, 28, 88, 93, 76, 102, 80, 86, 11, 109, 97, 67, 62, 69, 96, 25, 6, 24, 47, 31, 112, 35, 83, 118, 99, 26, 18, 42, 103, 106, 126, 30, 16, 33, 91, 72, 98, 73, 74, 51, 8, 56, 55, 64, 81, 100, 122, 110, 71, 90, 22, 121, 54, 5, 101, 13, 9, 66, 95, 12, 17, 7, 107, 113, 2, 82, 29, 58, 89, 124, 84, 65, 125, 120, 77, 20, 32, 34, 53, 3, 116, 111, 104, 61, 114, 27, 127, 15, 44, 75, 108, 60, 128, 123, 63, 68, 87, 85, 10, 4, 0]




