--------------------- Folder: d198 ---------------------
Time taken to read the file: 0.0025429725646972656 seconds
-----------
Time taken to execute: 0.1265087127685547 seconds
Memory taken to execute: 8.0 kilobytes
Best cost: 19218.43305436619
Solution path: [0, 1, 6, 2, 5, 3, 4, 7, 8, 9, 10, 11, 12, 40, 39, 14, 13, 15, 16, 56, 57, 68, 70, 84, 85, 99, 41, 42, 55, 54, 43, 59, 58, 67, 66, 69, 72, 83, 86, 98, 65, 73, 82, 87, 97, 96, 81, 88, 89, 95, 94, 93, 92, 101, 102, 103, 104, 113, 112, 111, 105, 106, 110, 109, 108, 107, 166, 167, 119, 118, 117, 116, 115, 114, 121, 120, 122, 138, 123, 124, 168, 125, 129, 130, 131, 133, 139, 141, 146, 147, 152, 160, 159, 158, 157, 156, 155, 154, 153, 137, 132, 134, 135, 140, 142, 145, 144, 143, 136, 149, 150, 162, 163, 164, 165, 148, 151, 161, 128, 126, 169, 127, 170, 171, 189, 188, 187, 190, 182, 180, 176, 174, 175, 172, 173, 177, 179, 183, 184, 186, 191, 185, 192, 178, 193, 194, 197, 195, 196, 181, 100, 74, 60, 53, 44, 52, 61, 45, 51, 46, 38, 33, 32, 29, 28, 27, 26, 25, 24, 23, 20, 21, 22, 17, 18, 19, 31, 30, 37, 36, 35, 34, 50, 49, 47, 48, 62, 63, 77, 76, 75, 80, 79, 90, 78, 91, 64, 71, 0]




