--------------------- Folder: d493 ---------------------
Time taken to read the file: 0.014431238174438477 seconds
-----------
Time taken to execute: 0.7998847961425781 seconds
Memory taken to execute: 8.0 kilobytes
Best cost: 45427.08884703529
Solution path: [0, 1, 3, 4, 5, 6, 10, 9, 8, 11, 18, 16, 17, 19, 15, 14, 13, 12, 52, 56, 55, 54, 53, 57, 58, 59, 63, 85, 84, 83, 62, 61, 60, 82, 79, 80, 69, 67, 68, 66, 65, 77, 73, 72, 71, 70, 81, 78, 95, 76, 75, 74, 86, 115, 127, 121, 125, 120, 124, 128, 131, 135, 136, 134, 130, 132, 133, 137, 139, 141, 143, 147, 146, 145, 155, 159, 161, 166, 165, 178, 184, 188, 185, 193, 179, 173, 175, 174, 180, 172, 170, 169, 162, 160, 154, 148, 189, 200, 209, 224, 223, 234, 265, 268, 300, 21, 22, 23, 32, 33, 34, 35, 37, 36, 38, 39, 40, 41, 44, 46, 45, 42, 43, 47, 48, 49, 51, 50, 30, 29, 28, 27, 26, 31, 20, 215, 208, 197, 196, 214, 229, 221, 235, 230, 222, 210, 207, 205, 211, 216, 212, 218, 220, 219, 206, 202, 201, 183, 181, 171, 168, 203, 199, 191, 187, 194, 192, 176, 182, 195, 177, 213, 225, 164, 157, 156, 150, 142, 198, 204, 190, 186, 167, 163, 152, 140, 123, 117, 110, 103, 102, 108, 226, 232, 237, 244, 243, 242, 255, 241, 256, 257, 258, 259, 260, 261, 262, 263, 278, 279, 280, 281, 282, 283, 284, 285, 286, 289, 290, 291, 292, 293, 294, 295, 311, 312, 308, 313, 326, 337, 352, 364, 377, 392, 385, 407, 406, 405, 404, 403, 402, 401, 418, 417, 416, 415, 414, 413, 412, 411, 419, 386, 379, 366, 354, 343, 330, 318, 302, 299, 310, 323, 335, 350, 362, 375, 387, 409, 301, 314, 327, 338, 353, 365, 378, 393, 287, 274, 273, 269, 306, 319, 331, 346, 360, 372, 383, 400, 420, 429, 488, 485, 455, 454, 441, 453, 452, 451, 450, 449, 448, 447, 446, 445, 444, 443, 432, 458, 459, 433, 434, 435, 436, 437, 438, 439, 440, 482, 480, 472, 479, 477, 476, 425, 426, 427, 394, 489, 487, 486, 484, 483, 481, 478, 475, 474, 473, 492, 347, 371, 361, 334, 490, 491, 315, 307, 339, 355, 374, 358, 328, 321, 305, 288, 320, 332, 345, 359, 373, 382, 399, 303, 317, 329, 342, 356, 367, 380, 395, 298, 277, 270, 272, 266, 240, 309, 322, 336, 349, 363, 376, 388, 408, 423, 424, 431, 430, 442, 457, 460, 462, 465, 463, 461, 456, 428, 421, 422, 391, 398, 384, 25, 24, 464, 469, 468, 470, 471, 467, 466, 348, 357, 351, 340, 324, 316, 344, 325, 296, 275, 271, 267, 254, 297, 276, 304, 239, 341, 333, 370, 369, 368, 397, 390, 381, 389, 410, 396, 245, 246, 247, 248, 249, 250, 251, 252, 253, 238, 264, 236, 231, 227, 228, 233, 217, 158, 153, 151, 144, 149, 129, 126, 122, 119, 114, 113, 109, 101, 94, 99, 104, 107, 111, 112, 118, 116, 106, 100, 97, 96, 98, 105, 87, 88, 89, 92, 91, 90, 93, 138, 64, 7, 2, 0]




