--------------------- Folder: d657 ---------------------
Time taken to read the file: 0.029665470123291016 seconds
-----------
Time taken to execute: 1.3753135204315186 seconds
Memory taken to execute: 216.0 kilobytes
Best cost: 65730.19370040316
Solution path: [0, 1, 2, 3, 4, 10, 9, 8, 11, 12, 7, 33, 32, 24, 21, 14, 15, 16, 17, 13, 18, 19, 444, 445, 22, 29, 27, 26, 25, 23, 440, 441, 443, 446, 447, 30, 31, 37, 34, 469, 463, 462, 464, 466, 468, 458, 453, 450, 452, 451, 454, 461, 465, 467, 460, 459, 457, 456, 473, 475, 476, 477, 478, 479, 519, 520, 521, 527, 526, 525, 522, 524, 530, 533, 523, 529, 531, 532, 535, 534, 536, 537, 538, 539, 540, 541, 474, 455, 448, 449, 442, 38, 42, 46, 58, 70, 90, 104, 105, 121, 43, 47, 51, 62, 56, 67, 76, 83, 89, 94, 88, 87, 95, 109, 127, 124, 505, 506, 125, 135, 152, 504, 126, 502, 499, 495, 492, 489, 484, 488, 487, 485, 486, 490, 496, 498, 497, 494, 491, 482, 472, 483, 471, 480, 481, 493, 514, 515, 518, 517, 516, 513, 512, 503, 501, 500, 507, 133, 136, 508, 509, 510, 159, 182, 189, 174, 193, 160, 203, 205, 212, 216, 222, 245, 213, 580, 229, 246, 257, 279, 592, 306, 297, 296, 302, 295, 301, 281, 278, 285, 282, 267, 256, 244, 233, 211, 274, 283, 286, 272, 277, 291, 249, 265, 319, 330, 343, 354, 360, 355, 331, 375, 380, 383, 381, 393, 418, 336, 280, 273, 258, 266, 586, 581, 582, 578, 574, 573, 577, 576, 583, 584, 585, 588, 587, 590, 599, 603, 604, 609, 593, 579, 575, 656, 589, 598, 600, 601, 605, 606, 610, 607, 337, 356, 608, 595, 596, 591, 597, 602, 611, 612, 619, 624, 625, 427, 408, 622, 620, 618, 617, 616, 615, 613, 426, 614, 621, 623, 594, 173, 183, 194, 200, 201, 202, 511, 567, 570, 528, 559, 556, 551, 550, 549, 543, 542, 554, 555, 557, 566, 553, 558, 563, 565, 560, 564, 561, 562, 568, 569, 571, 572, 626, 655, 654, 653, 652, 648, 647, 649, 650, 651, 627, 548, 547, 546, 545, 544, 552, 628, 629, 630, 631, 632, 633, 634, 635, 638, 639, 637, 636, 640, 641, 642, 643, 644, 645, 646, 145, 144, 108, 82, 96, 100, 107, 111, 106, 112, 122, 143, 153, 158, 166, 150, 167, 151, 110, 123, 134, 146, 176, 192, 188, 175, 470, 61, 66, 71, 80, 81, 75, 20, 28, 35, 36, 39, 41, 45, 44, 49, 54, 50, 40, 63, 68, 73, 77, 84, 93, 98, 97, 91, 102, 114, 118, 103, 119, 113, 99, 92, 86, 120, 139, 148, 161, 170, 169, 171, 147, 154, 149, 177, 184, 179, 85, 72, 65, 57, 52, 48, 59, 69, 55, 115, 132, 140, 155, 168, 172, 178, 185, 195, 191, 186, 180, 181, 187, 165, 157, 197, 198, 199, 209, 217, 218, 234, 253, 261, 271, 290, 298, 307, 317, 322, 335, 345, 341, 347, 361, 372, 391, 398, 400, 404, 415, 421, 439, 389, 409, 416, 390, 371, 399, 420, 437, 438, 340, 323, 324, 334, 308, 309, 321, 325, 342, 348, 364, 370, 388, 397, 422, 436, 430, 435, 349, 292, 287, 275, 254, 248, 236, 225, 215, 204, 241, 232, 221, 247, 251, 260, 268, 252, 227, 219, 214, 208, 207, 226, 224, 228, 243, 255, 259, 284, 223, 242, 250, 276, 270, 300, 310, 320, 326, 350, 369, 377, 386, 401, 405, 414, 423, 431, 424, 419, 410, 425, 413, 406, 402, 395, 396, 378, 373, 358, 351, 357, 333, 318, 312, 305, 304, 311, 327, 385, 394, 403, 407, 412, 433, 434, 429, 417, 411, 428, 379, 376, 374, 368, 366, 359, 363, 352, 339, 328, 313, 314, 315, 329, 338, 344, 353, 362, 367, 382, 392, 332, 316, 384, 432, 365, 387, 294, 303, 299, 293, 288, 346, 289, 263, 264, 239, 230, 220, 238, 262, 235, 231, 237, 269, 210, 240, 206, 162, 164, 156, 163, 190, 196, 142, 137, 130, 128, 129, 138, 131, 117, 141, 116, 101, 74, 53, 60, 64, 79, 78, 6, 5, 0]




