--------------------- Folder: eil101 ---------------------
Time taken to read the file: 0.0009140968322753906 seconds
-----------
Time taken to execute: 0.037332773208618164 seconds
Memory taken to execute: 20.0 kilobytes
Best cost: 830.5422075548881
Solution path: [0, 68, 49, 75, 76, 2, 78, 32, 80, 8, 50, 70, 34, 64, 77, 33, 67, 79, 11, 25, 39, 57, 52, 100, 26, 27, 12, 93, 5, 88, 94, 96, 91, 58, 98, 95, 92, 84, 90, 60, 15, 43, 13, 37, 85, 4, 83, 16, 59, 82, 7, 44, 81, 47, 46, 35, 48, 63, 6, 87, 30, 69, 29, 19, 65, 61, 9, 89, 31, 62, 10, 18, 45, 17, 51, 36, 97, 99, 86, 1, 56, 14, 42, 41, 20, 72, 71, 73, 21, 40, 74, 55, 38, 66, 22, 3, 53, 54, 24, 28, 23, 0]




