--------------------- Folder: eil76 ---------------------
Time taken to read the file: 0.0007648468017578125 seconds
-----------
Time taken to execute: 0.030379056930541992 seconds
Memory taken to execute: 28.0 kilobytes
Best cost: 707.1533198611806
Solution path: [0, 72, 61, 27, 73, 29, 1, 47, 46, 20, 35, 68, 28, 44, 26, 51, 33, 45, 7, 34, 6, 52, 13, 58, 10, 64, 37, 9, 57, 71, 38, 8, 31, 43, 2, 49, 17, 24, 54, 30, 65, 18, 66, 75, 74, 67, 5, 50, 16, 39, 11, 3, 25, 12, 53, 4, 36, 19, 69, 59, 70, 14, 56, 60, 21, 32, 62, 15, 48, 23, 22, 55, 42, 40, 41, 63, 0]




