--------------------- Folder: fl417 ---------------------
Time taken to read the file: 0.010828733444213867 seconds
-----------
Time taken to execute: 0.5295066833496094 seconds
Memory taken to execute: 8.0 kilobytes
Best cost: 16297.174640391935
Solution path: [0, 7, 9, 17, 18, 23, 25, 30, 31, 24, 21, 15, 20, 27, 19, 12, 11, 16, 26, 38, 41, 44, 46, 43, 48, 45, 42, 47, 49, 40, 37, 35, 33, 50, 51, 54, 53, 56, 52, 55, 57, 58, 62, 66, 69, 65, 96, 95, 87, 83, 90, 94, 82, 77, 81, 86, 76, 72, 93, 89, 88, 92, 68, 64, 61, 59, 71, 102, 205, 229, 206, 230, 228, 207, 231, 209, 233, 210, 234, 211, 235, 212, 236, 213, 237, 215, 239, 217, 241, 218, 242, 219, 243, 221, 245, 223, 247, 224, 246, 248, 222, 244, 220, 216, 238, 240, 214, 208, 232, 227, 203, 225, 204, 226, 201, 367, 366, 392, 365, 364, 391, 363, 382, 390, 407, 406, 405, 381, 362, 380, 404, 403, 402, 361, 360, 389, 359, 388, 401, 400, 387, 379, 358, 357, 399, 202, 101, 103, 104, 368, 369, 383, 393, 409, 410, 394, 370, 371, 395, 372, 411, 412, 413, 384, 373, 385, 414, 415, 416, 396, 386, 374, 375, 397, 376, 398, 377, 378, 249, 273, 251, 275, 252, 276, 274, 253, 277, 254, 278, 255, 279, 257, 281, 258, 282, 280, 259, 283, 260, 284, 261, 285, 263, 287, 265, 289, 266, 290, 267, 291, 268, 292, 269, 293, 270, 294, 271, 295, 272, 296, 264, 286, 288, 262, 256, 250, 408, 73, 84, 78, 85, 79, 74, 70, 80, 67, 75, 91, 97, 99, 100, 98, 60, 63, 3, 1, 2, 8, 10, 14, 13, 29, 28, 22, 152, 128, 150, 126, 148, 149, 127, 151, 125, 147, 123, 145, 121, 143, 119, 141, 120, 142, 144, 122, 146, 124, 117, 139, 115, 137, 113, 135, 111, 133, 109, 131, 107, 129, 105, 307, 306, 332, 305, 304, 331, 303, 322, 330, 347, 346, 345, 321, 302, 320, 344, 343, 342, 301, 300, 329, 299, 328, 341, 340, 327, 319, 298, 297, 339, 108, 130, 106, 110, 134, 112, 136, 132, 116, 140, 118, 138, 114, 36, 39, 34, 32, 6, 4, 5, 348, 308, 309, 323, 333, 349, 350, 334, 310, 311, 335, 312, 351, 352, 353, 324, 313, 325, 354, 355, 356, 336, 326, 314, 315, 337, 316, 338, 317, 318, 153, 177, 155, 179, 157, 181, 159, 183, 161, 185, 163, 187, 165, 189, 167, 191, 169, 193, 171, 195, 173, 197, 175, 199, 168, 190, 166, 188, 164, 186, 162, 184, 160, 182, 158, 180, 156, 178, 154, 192, 170, 194, 172, 196, 174, 198, 176, 200, 0]




