--------------------- Folder: gil262 ---------------------
Time taken to read the file: 0.004967927932739258 seconds
-----------
Time taken to execute: 0.2792367935180664 seconds
Memory taken to execute: 8.0 kilobytes
Best cost: 3358.1541767582894
Solution path: [0, 228, 70, 30, 204, 138, 201, 230, 67, 141, 231, 69, 98, 208, 144, 114, 99, 20, 137, 253, 233, 32, 185, 80, 3, 171, 139, 163, 6, 159, 245, 207, 250, 198, 43, 21, 119, 22, 235, 110, 251, 254, 91, 177, 209, 40, 109, 59, 157, 133, 158, 108, 19, 226, 28, 96, 131, 47, 195, 173, 142, 13, 106, 97, 239, 116, 127, 178, 160, 92, 186, 44, 211, 45, 215, 62, 179, 151, 199, 90, 76, 49, 87, 150, 93, 85, 148, 246, 36, 164, 5, 242, 15, 83, 134, 145, 117, 122, 7, 189, 111, 212, 95, 72, 197, 203, 53, 260, 26, 194, 1, 169, 147, 25, 8, 152, 247, 120, 105, 88, 166, 12, 188, 229, 57, 182, 149, 35, 219, 82, 205, 64, 216, 113, 252, 100, 192, 172, 17, 29, 136, 256, 123, 48, 11, 132, 4, 190, 261, 78, 18, 184, 71, 129, 128, 220, 60, 89, 210, 227, 52, 206, 165, 2, 51, 218, 14, 101, 38, 37, 241, 55, 255, 121, 222, 42, 224, 240, 10, 213, 130, 237, 9, 56, 202, 234, 81, 156, 248, 61, 236, 176, 68, 223, 162, 249, 63, 124, 232, 175, 135, 225, 31, 77, 200, 244, 146, 258, 174, 46, 54, 16, 23, 39, 126, 167, 65, 102, 112, 79, 193, 196, 41, 66, 50, 74, 161, 58, 180, 170, 168, 221, 84, 104, 24, 140, 103, 73, 214, 125, 115, 107, 243, 154, 75, 153, 86, 187, 257, 94, 33, 181, 27, 155, 259, 238, 34, 183, 217, 118, 191, 143, 0]




