--------------------- Folder: kroB150 ---------------------
Time taken to read the file: 0.0014851093292236328 seconds
-----------
Time taken to execute: 0.08880996704101562 seconds
Memory taken to execute: 64.0 kilobytes
Best cost: 36154.73394030785
Solution path: [0, 52, 84, 26, 14, 12, 78, 109, 63, 19, 54, 41, 66, 30, 46, 129, 106, 64, 146, 79, 76, 114, 103, 148, 5, 53, 133, 74, 21, 111, 7, 105, 16, 24, 89, 33, 113, 144, 108, 97, 147, 87, 27, 38, 37, 70, 123, 71, 82, 61, 137, 125, 132, 49, 85, 94, 93, 122, 90, 69, 110, 120, 75, 128, 138, 130, 101, 22, 34, 1, 67, 29, 20, 121, 88, 40, 58, 2, 72, 117, 100, 55, 118, 4, 42, 57, 107, 112, 39, 11, 45, 124, 136, 141, 131, 31, 116, 23, 60, 25, 77, 8, 81, 6, 28, 17, 48, 92, 142, 13, 35, 56, 73, 99, 32, 44, 80, 96, 143, 135, 68, 140, 98, 18, 104, 9, 91, 3, 115, 59, 139, 36, 119, 15, 134, 145, 62, 43, 65, 102, 127, 47, 83, 10, 51, 149, 95, 86, 50, 126, 0]




