--------------------- Folder: kroB200 ---------------------
Time taken to read the file: 0.002716541290283203 seconds
-----------
Time taken to execute: 0.12519478797912598 seconds
Memory taken to execute: 60.0 kilobytes
Best cost: 40710.95987899587
Solution path: [0, 94, 89, 20, 122, 9, 67, 110, 189, 116, 39, 38, 69, 148, 169, 52, 197, 193, 131, 4, 196, 66, 188, 141, 107, 151, 145, 45, 24, 8, 165, 137, 85, 48, 133, 180, 29, 74, 149, 100, 99, 55, 25, 61, 68, 79, 19, 37, 173, 11, 160, 70, 26, 175, 179, 93, 56, 33, 60, 34, 171, 156, 130, 198, 144, 65, 132, 167, 113, 86, 164, 73, 59, 185, 195, 42, 88, 184, 158, 49, 163, 139, 182, 102, 76, 104, 17, 23, 152, 159, 143, 103, 54, 170, 87, 21, 22, 142, 176, 153, 190, 138, 172, 162, 53, 114, 36, 71, 183, 140, 64, 123, 126, 187, 78, 112, 178, 46, 80, 115, 51, 57, 83, 6, 168, 192, 15, 1, 108, 41, 119, 124, 13, 63, 81, 120, 146, 32, 14, 111, 127, 5, 3, 82, 181, 109, 154, 12, 125, 186, 62, 30, 47, 194, 155, 50, 77, 16, 191, 40, 147, 44, 35, 118, 91, 150, 18, 134, 136, 95, 161, 199, 101, 43, 129, 105, 117, 177, 106, 97, 31, 166, 174, 58, 135, 28, 7, 98, 96, 90, 128, 27, 157, 10, 92, 121, 84, 72, 2, 75, 0]




