--------------------- Folder: kroE100 ---------------------
Time taken to read the file: 0.0009570121765136719 seconds
-----------
Time taken to execute: 0.037154197692871094 seconds
Memory taken to execute: 20.0 kilobytes
Best cost: 30507.419046823474
Solution path: [0, 73, 20, 6, 75, 11, 31, 57, 62, 87, 34, 39, 98, 44, 53, 24, 96, 79, 56, 30, 65, 29, 89, 41, 4, 47, 32, 37, 67, 21, 38, 42, 85, 18, 93, 17, 23, 28, 99, 92, 90, 54, 5, 33, 36, 84, 95, 3, 1, 10, 81, 91, 26, 66, 40, 74, 12, 86, 76, 69, 52, 77, 8, 9, 59, 49, 64, 7, 16, 83, 63, 22, 55, 14, 19, 48, 61, 94, 35, 58, 97, 50, 68, 27, 82, 46, 2, 45, 72, 15, 60, 70, 88, 80, 13, 51, 43, 71, 78, 25, 0]




