--------------------- Folder: lin105 ---------------------
Time taken to read the file: 0.0009133815765380859 seconds
-----------
Time taken to execute: 0.040459394454956055 seconds
Memory taken to execute: 44.0 kilobytes
Best cost: 19498.408788813624
Solution path: [0, 1, 5, 6, 9, 10, 14, 102, 20, 21, 28, 29, 30, 31, 19, 22, 27, 32, 103, 39, 44, 47, 49, 54, 55, 58, 104, 61, 62, 60, 59, 64, 65, 86, 87, 93, 94, 99, 68, 73, 74, 80, 88, 89, 69, 72, 75, 79, 71, 76, 78, 83, 82, 81, 77, 70, 67, 66, 63, 84, 90, 91, 95, 96, 100, 101, 92, 97, 98, 85, 48, 43, 46, 50, 53, 56, 40, 42, 45, 51, 52, 57, 41, 23, 26, 18, 15, 17, 24, 25, 35, 36, 16, 11, 2, 7, 8, 4, 3, 12, 13, 33, 34, 37, 38, 0]




