--------------------- Folder: linhp318 ---------------------
Time taken to read the file: 0.008398771286010742 seconds
-----------
Time taken to execute: 0.28911495208740234 seconds
Memory taken to execute: 12.0 kilobytes
Best cost: 58145.441917056065
Solution path: [0, 1, 5, 6, 9, 10, 14, 102, 20, 21, 28, 29, 30, 31, 19, 22, 27, 32, 103, 39, 44, 47, 49, 54, 55, 58, 104, 61, 62, 68, 73, 74, 80, 88, 89, 69, 72, 75, 79, 71, 76, 78, 83, 82, 81, 77, 70, 67, 66, 63, 84, 90, 91, 95, 96, 100, 101, 92, 97, 98, 85, 48, 315, 316, 43, 46, 50, 53, 56, 40, 42, 45, 51, 52, 57, 41, 23, 26, 18, 15, 17, 24, 25, 35, 36, 16, 11, 2, 7, 8, 4, 3, 110, 111, 114, 115, 12, 13, 119, 207, 125, 126, 133, 134, 135, 136, 33, 34, 37, 38, 144, 149, 152, 154, 159, 160, 163, 59, 60, 64, 65, 175, 172, 171, 168, 182, 186, 187, 188, 183, 181, 176, 177, 180, 184, 173, 178, 179, 185, 193, 194, 174, 190, 189, 86, 87, 195, 196, 200, 201, 205, 206, 99, 93, 94, 197, 202, 203, 209, 166, 167, 153, 148, 151, 155, 158, 161, 145, 147, 150, 156, 157, 162, 146, 208, 124, 127, 132, 137, 128, 131, 123, 120, 122, 129, 130, 140, 141, 121, 116, 106, 105, 107, 112, 113, 109, 108, 215, 216, 219, 220, 117, 118, 224, 312, 230, 231, 238, 239, 240, 241, 138, 139, 142, 143, 249, 254, 257, 259, 264, 265, 268, 164, 165, 169, 170, 280, 277, 276, 273, 287, 291, 292, 293, 288, 286, 281, 282, 285, 289, 278, 283, 284, 290, 298, 299, 279, 295, 294, 191, 192, 300, 301, 305, 306, 310, 311, 204, 198, 199, 302, 307, 308, 314, 271, 272, 270, 269, 317, 274, 275, 296, 297, 303, 304, 309, 258, 253, 256, 260, 263, 266, 250, 252, 255, 261, 262, 267, 251, 313, 229, 232, 237, 242, 233, 236, 228, 225, 227, 234, 235, 245, 246, 226, 221, 211, 210, 212, 217, 218, 214, 213, 222, 223, 243, 244, 247, 248, 0]




