--------------------- Folder: p654 ---------------------
Time taken to read the file: 0.02206134796142578 seconds
-----------
Time taken to execute: 1.2319939136505127 seconds
Memory taken to execute: 8.0 kilobytes
Best cost: 49731.89542216019
Solution path: [0, 548, 532, 533, 520, 492, 491, 490, 549, 550, 534, 494, 493, 495, 496, 521, 535, 551, 552, 553, 522, 497, 498, 523, 554, 555, 556, 536, 524, 500, 557, 537, 501, 502, 525, 538, 539, 503, 504, 559, 106, 107, 108, 109, 113, 117, 121, 125, 129, 133, 137, 141, 145, 149, 153, 157, 161, 165, 169, 173, 177, 181, 185, 189, 193, 197, 201, 101, 99, 100, 3, 4, 2, 1, 98, 97, 96, 95, 94, 91, 90, 93, 88, 84, 83, 82, 79, 78, 77, 74, 560, 540, 541, 526, 507, 506, 505, 561, 562, 542, 509, 508, 510, 511, 527, 543, 563, 564, 565, 528, 512, 513, 529, 566, 567, 568, 544, 530, 515, 569, 545, 516, 517, 531, 546, 547, 518, 519, 571, 202, 203, 204, 205, 209, 213, 217, 221, 225, 229, 233, 237, 241, 245, 249, 253, 257, 261, 265, 269, 273, 277, 281, 285, 289, 293, 297, 105, 208, 212, 216, 220, 224, 228, 232, 236, 240, 244, 248, 252, 256, 260, 264, 268, 272, 276, 280, 284, 288, 292, 296, 207, 211, 215, 219, 223, 227, 231, 235, 239, 243, 247, 251, 255, 259, 263, 267, 271, 275, 279, 283, 287, 291, 295, 206, 210, 214, 218, 222, 226, 230, 234, 238, 242, 246, 250, 254, 258, 262, 266, 270, 274, 278, 282, 286, 290, 294, 570, 102, 103, 104, 72, 71, 70, 69, 67, 66, 65, 64, 68, 63, 62, 9, 8, 7, 6, 5, 12, 10, 11, 61, 13, 51, 50, 53, 52, 49, 18, 17, 587, 588, 589, 608, 623, 622, 642, 643, 644, 624, 591, 590, 592, 593, 609, 625, 645, 646, 647, 610, 594, 595, 611, 648, 649, 650, 626, 612, 597, 651, 627, 598, 599, 613, 628, 629, 600, 601, 653, 394, 395, 396, 397, 401, 405, 409, 413, 417, 421, 425, 429, 433, 437, 441, 445, 449, 453, 457, 461, 465, 469, 473, 477, 481, 485, 489, 400, 404, 408, 412, 416, 420, 424, 428, 432, 436, 440, 444, 448, 452, 456, 460, 464, 468, 472, 476, 480, 484, 488, 399, 403, 407, 411, 415, 419, 423, 427, 431, 435, 439, 443, 447, 451, 455, 459, 463, 467, 471, 475, 479, 483, 487, 398, 402, 406, 410, 414, 418, 422, 426, 430, 434, 438, 442, 446, 450, 454, 458, 462, 466, 470, 474, 478, 482, 486, 652, 596, 54, 55, 57, 58, 59, 60, 14, 16, 310, 306, 302, 298, 299, 300, 301, 305, 309, 313, 317, 321, 325, 329, 333, 337, 341, 345, 349, 353, 357, 361, 365, 369, 373, 377, 381, 385, 389, 393, 304, 308, 312, 316, 320, 324, 328, 332, 336, 340, 344, 348, 352, 356, 360, 364, 368, 372, 376, 380, 384, 388, 392, 303, 307, 311, 315, 319, 323, 327, 331, 335, 339, 343, 347, 351, 355, 359, 363, 367, 371, 375, 379, 383, 387, 391, 586, 585, 621, 620, 607, 584, 583, 619, 639, 618, 606, 582, 638, 637, 636, 605, 580, 604, 635, 634, 633, 617, 603, 578, 577, 576, 575, 616, 632, 631, 615, 614, 630, 602, 574, 573, 572, 15, 579, 581, 640, 641, 314, 318, 322, 326, 330, 334, 338, 342, 346, 350, 354, 358, 362, 366, 370, 374, 378, 382, 386, 390, 56, 48, 47, 45, 43, 44, 41, 40, 39, 35, 36, 34, 29, 28, 27, 26, 24, 23, 20, 19, 25, 30, 31, 32, 33, 22, 21, 42, 46, 38, 37, 514, 75, 76, 73, 87, 86, 85, 80, 81, 89, 92, 112, 116, 120, 124, 128, 132, 136, 140, 144, 148, 152, 156, 160, 164, 168, 172, 176, 180, 184, 188, 192, 196, 200, 111, 115, 119, 123, 127, 131, 135, 139, 143, 147, 151, 155, 159, 163, 167, 171, 175, 179, 183, 187, 191, 195, 199, 110, 114, 118, 122, 126, 130, 134, 138, 142, 146, 150, 154, 158, 162, 166, 170, 174, 178, 182, 186, 190, 194, 198, 558, 499, 0]




