--------------------- Folder: pcb442 ---------------------
Time taken to read the file: 0.012495279312133789 seconds
-----------
Time taken to execute: 0.5982153415679932 seconds
Memory taken to execute: 220.0 kilobytes
Best cost: 69364.90250618651
Solution path: [0, 1, 2, 3, 4, 5, 6, 7, 8, 9, 10, 11, 12, 13, 14, 15, 16, 17, 18, 19, 20, 21, 22, 23, 24, 25, 26, 27, 28, 29, 30, 31, 375, 376, 32, 64, 63, 62, 94, 378, 95, 379, 96, 97, 61, 93, 60, 92, 100, 435, 111, 123, 133, 146, 158, 169, 182, 197, 208, 218, 410, 409, 413, 236, 264, 225, 219, 209, 198, 183, 170, 159, 147, 134, 124, 112, 382, 383, 59, 91, 58, 90, 57, 89, 56, 88, 55, 54, 86, 377, 87, 381, 380, 108, 119, 130, 142, 155, 166, 179, 191, 192, 203, 215, 224, 232, 393, 394, 178, 397, 177, 165, 154, 141, 129, 118, 107, 190, 189, 201, 401, 200, 188, 176, 164, 153, 140, 128, 117, 106, 139, 138, 127, 116, 104, 105, 152, 162, 175, 187, 199, 212, 221, 229, 211, 220, 228, 210, 402, 392, 163, 396, 213, 222, 230, 202, 214, 223, 231, 387, 389, 384, 120, 121, 109, 131, 144, 143, 390, 156, 167, 180, 193, 204, 205, 206, 194, 195, 196, 181, 168, 157, 145, 132, 122, 110, 207, 217, 216, 403, 408, 407, 411, 412, 259, 258, 257, 256, 255, 254, 253, 252, 251, 250, 249, 414, 248, 247, 246, 245, 244, 243, 242, 241, 240, 417, 416, 260, 261, 262, 235, 263, 415, 267, 419, 271, 422, 437, 274, 436, 418, 421, 53, 85, 52, 84, 51, 83, 50, 82, 438, 49, 81, 48, 80, 47, 79, 99, 46, 78, 45, 77, 44, 76, 98, 43, 75, 42, 74, 41, 73, 40, 72, 39, 71, 38, 70, 37, 69, 36, 68, 35, 67, 34, 66, 33, 65, 101, 102, 113, 125, 135, 148, 160, 171, 184, 399, 404, 226, 233, 237, 238, 265, 268, 272, 275, 278, 280, 281, 427, 341, 340, 269, 270, 266, 239, 234, 227, 405, 400, 406, 273, 276, 425, 439, 279, 282, 283, 284, 285, 286, 287, 288, 289, 290, 291, 292, 293, 294, 295, 296, 297, 298, 299, 300, 301, 302, 303, 304, 305, 330, 331, 332, 333, 306, 334, 335, 426, 336, 337, 431, 329, 328, 327, 326, 430, 325, 324, 323, 428, 322, 429, 321, 277, 320, 319, 318, 317, 316, 315, 314, 313, 423, 420, 424, 312, 311, 339, 310, 309, 338, 432, 347, 346, 345, 348, 349, 350, 351, 342, 352, 353, 354, 433, 355, 356, 357, 434, 358, 359, 360, 343, 361, 362, 363, 364, 365, 366, 344, 367, 368, 369, 370, 371, 372, 373, 374, 308, 307, 440, 385, 114, 103, 386, 388, 126, 136, 149, 150, 151, 391, 137, 115, 161, 172, 173, 395, 398, 186, 174, 185, 441, 0]




