--------------------- Folder: pr1002 ---------------------
Time taken to read the file: 0.04800915718078613 seconds
-----------
Time taken to execute: 3.2762093544006348 seconds
Memory taken to execute: 8.0 kilobytes
Best cost: 342244.46239584225
Solution path: [0, 1, 4, 2, 3, 5, 69, 68, 67, 71, 72, 70, 55, 54, 56, 52, 51, 50, 49, 40, 41, 42, 43, 44, 311, 310, 309, 308, 307, 306, 305, 304, 990, 296, 297, 299, 298, 283, 282, 281, 280, 279, 277, 278, 276, 300, 301, 302, 303, 112, 110, 109, 111, 113, 114, 115, 116, 118, 117, 105, 104, 103, 102, 101, 100, 99, 132, 133, 134, 135, 95, 96, 97, 98, 90, 91, 89, 88, 87, 85, 86, 84, 77, 78, 81, 82, 83, 79, 80, 73, 74, 75, 92, 93, 76, 94, 128, 127, 126, 124, 123, 122, 121, 119, 120, 256, 255, 254, 253, 252, 248, 249, 246, 247, 244, 243, 242, 245, 261, 260, 259, 269, 265, 264, 263, 262, 230, 231, 229, 228, 227, 226, 225, 224, 223, 222, 221, 219, 218, 217, 214, 213, 215, 211, 216, 210, 212, 220, 233, 234, 235, 236, 189, 191, 188, 187, 238, 237, 239, 240, 241, 185, 192, 193, 194, 186, 195, 201, 196, 197, 198, 199, 205, 206, 207, 208, 209, 204, 203, 202, 200, 190, 232, 266, 267, 268, 270, 271, 272, 273, 274, 275, 468, 467, 466, 469, 470, 471, 475, 473, 474, 472, 476, 477, 478, 479, 480, 481, 482, 483, 491, 490, 489, 485, 486, 487, 488, 499, 498, 497, 512, 511, 510, 509, 508, 507, 506, 501, 500, 502, 505, 504, 503, 998, 484, 492, 493, 494, 495, 496, 997, 579, 578, 577, 574, 575, 572, 571, 570, 573, 589, 588, 587, 597, 593, 592, 591, 590, 558, 559, 557, 556, 555, 554, 553, 552, 551, 550, 549, 547, 546, 545, 542, 541, 543, 539, 544, 538, 540, 548, 561, 562, 563, 564, 517, 519, 516, 515, 566, 565, 567, 568, 569, 513, 520, 521, 522, 514, 523, 529, 524, 525, 526, 527, 533, 534, 535, 536, 537, 532, 531, 530, 528, 518, 560, 594, 595, 596, 598, 599, 600, 601, 602, 603, 796, 795, 794, 797, 798, 799, 803, 801, 802, 800, 804, 805, 806, 807, 808, 809, 810, 811, 819, 818, 817, 813, 814, 815, 816, 827, 826, 825, 840, 839, 838, 837, 836, 835, 834, 829, 828, 830, 833, 832, 831, 1001, 812, 820, 821, 822, 823, 824, 1000, 907, 906, 905, 902, 903, 900, 899, 898, 901, 917, 916, 915, 925, 921, 920, 919, 918, 886, 887, 885, 884, 883, 882, 881, 880, 879, 878, 877, 875, 874, 873, 870, 869, 871, 867, 872, 866, 868, 876, 889, 890, 891, 892, 845, 847, 844, 843, 894, 893, 895, 896, 897, 841, 848, 849, 850, 842, 851, 857, 852, 853, 854, 855, 861, 862, 863, 864, 865, 860, 859, 858, 856, 846, 888, 922, 923, 924, 926, 927, 928, 929, 930, 931, 904, 908, 909, 910, 911, 912, 913, 914, 776, 775, 777, 778, 779, 780, 782, 783, 784, 785, 786, 787, 792, 793, 757, 756, 755, 788, 789, 790, 791, 751, 752, 753, 754, 746, 747, 745, 744, 743, 741, 742, 740, 733, 734, 737, 738, 739, 735, 736, 729, 730, 731, 748, 749, 732, 750, 758, 759, 760, 761, 773, 771, 772, 774, 770, 769, 768, 766, 765, 767, 959, 958, 957, 956, 938, 937, 936, 935, 933, 934, 932, 939, 954, 955, 953, 952, 992, 960, 961, 962, 963, 964, 965, 966, 967, 700, 699, 698, 697, 696, 705, 695, 694, 693, 692, 691, 690, 689, 688, 687, 679, 678, 677, 676, 673, 674, 675, 672, 671, 668, 669, 665, 666, 667, 664, 663, 662, 670, 680, 686, 685, 684, 682, 683, 987, 988, 989, 681, 706, 708, 707, 712, 710, 711, 722, 727, 728, 726, 723, 724, 725, 709, 713, 714, 720, 716, 715, 717, 719, 718, 721, 704, 703, 702, 701, 972, 973, 974, 971, 970, 980, 979, 981, 969, 986, 985, 984, 983, 982, 968, 975, 977, 976, 949, 948, 950, 951, 944, 945, 946, 947, 978, 940, 941, 942, 943, 999, 762, 763, 764, 781, 576, 580, 581, 582, 583, 584, 585, 586, 448, 447, 449, 450, 451, 452, 454, 455, 456, 457, 458, 459, 464, 465, 429, 428, 427, 460, 461, 462, 463, 423, 424, 425, 426, 418, 419, 417, 416, 415, 413, 414, 412, 405, 406, 409, 410, 411, 407, 408, 401, 402, 403, 420, 421, 404, 422, 430, 431, 432, 433, 445, 443, 444, 446, 442, 441, 440, 438, 437, 439, 631, 630, 629, 628, 610, 609, 608, 607, 605, 606, 604, 611, 626, 627, 625, 624, 991, 632, 633, 634, 635, 636, 637, 638, 639, 372, 371, 370, 369, 368, 377, 367, 366, 365, 364, 363, 362, 361, 360, 359, 351, 350, 349, 348, 345, 346, 347, 344, 343, 340, 341, 337, 338, 339, 336, 335, 334, 342, 352, 358, 357, 356, 354, 355, 659, 660, 661, 353, 378, 380, 379, 384, 382, 383, 394, 399, 400, 398, 395, 396, 397, 381, 385, 386, 392, 388, 387, 389, 391, 390, 393, 376, 375, 374, 373, 644, 645, 646, 643, 642, 652, 651, 653, 641, 658, 657, 656, 655, 654, 640, 647, 649, 648, 621, 620, 622, 623, 616, 617, 618, 619, 650, 612, 613, 614, 615, 996, 434, 435, 436, 453, 251, 250, 994, 149, 148, 143, 142, 141, 140, 139, 138, 147, 145, 146, 144, 150, 151, 152, 153, 154, 155, 163, 162, 161, 157, 158, 159, 160, 171, 170, 169, 184, 183, 182, 181, 180, 179, 178, 173, 172, 174, 177, 176, 175, 995, 156, 164, 165, 166, 167, 168, 257, 258, 125, 129, 130, 131, 136, 137, 993, 106, 107, 108, 284, 285, 286, 287, 316, 317, 318, 315, 314, 324, 323, 325, 313, 330, 329, 328, 327, 326, 312, 319, 321, 320, 293, 292, 294, 295, 288, 289, 290, 291, 322, 47, 46, 45, 48, 39, 38, 37, 36, 35, 34, 33, 32, 31, 23, 22, 21, 20, 17, 18, 19, 16, 15, 12, 13, 9, 10, 11, 8, 7, 6, 14, 24, 30, 29, 28, 26, 27, 331, 332, 333, 25, 57, 58, 64, 60, 59, 61, 63, 62, 65, 53, 66, 0]




