--------------------- Folder: pr107 ---------------------
Time taken to read the file: 0.0011162757873535156 seconds
-----------
Time taken to execute: 0.03820013999938965 seconds
Memory taken to execute: 24.0 kilobytes
Best cost: 54238.03661175547
Solution path: [0, 2, 3, 5, 4, 1, 6, 8, 9, 10, 7, 11, 12, 14, 15, 17, 16, 13, 18, 20, 21, 23, 22, 19, 24, 26, 27, 29, 28, 25, 30, 32, 33, 35, 34, 31, 36, 38, 39, 41, 40, 37, 43, 46, 47, 44, 42, 45, 48, 50, 51, 53, 52, 49, 62, 65, 63, 66, 67, 64, 68, 71, 70, 72, 61, 69, 73, 75, 60, 76, 77, 74, 78, 80, 59, 81, 82, 79, 83, 85, 58, 86, 87, 84, 88, 90, 57, 91, 92, 89, 93, 95, 56, 96, 97, 94, 99, 102, 101, 100, 55, 98, 103, 105, 54, 106, 104, 0]




