--------------------- Folder: pr124 ---------------------
Time taken to read the file: 0.0011835098266601562 seconds
-----------
Time taken to execute: 0.07268977165222168 seconds
Memory taken to execute: 100.0 kilobytes
Best cost: 74140.95964828487
Solution path: [0, 7, 6, 26, 27, 28, 34, 35, 58, 60, 59, 61, 65, 64, 63, 62, 67, 68, 69, 70, 71, 72, 73, 74, 75, 76, 77, 78, 79, 91, 92, 93, 94, 95, 96, 97, 98, 99, 123, 122, 121, 120, 119, 118, 117, 116, 115, 114, 66, 82, 81, 83, 80, 57, 56, 55, 54, 36, 37, 23, 24, 21, 22, 38, 39, 20, 19, 18, 17, 44, 43, 42, 41, 40, 53, 51, 52, 87, 88, 102, 113, 112, 111, 110, 109, 108, 107, 106, 105, 104, 103, 101, 86, 85, 84, 89, 90, 100, 45, 46, 47, 48, 49, 50, 14, 13, 10, 11, 12, 16, 15, 8, 9, 25, 32, 33, 29, 30, 31, 5, 4, 1, 2, 3, 0]




