--------------------- Folder: pr136 ---------------------
Time taken to read the file: 0.0012955665588378906 seconds
-----------
Time taken to execute: 0.08773231506347656 seconds
Memory taken to execute: 64.0 kilobytes
Best cost: 151913.74200165656
Solution path: [0, 16, 18, 30, 28, 29, 27, 26, 37, 50, 52, 64, 62, 63, 61, 60, 71, 83, 85, 98, 96, 97, 95, 94, 105, 117, 119, 135, 130, 131, 129, 128, 107, 106, 118, 108, 109, 104, 116, 120, 134, 73, 72, 84, 74, 75, 70, 82, 86, 99, 39, 38, 51, 40, 41, 36, 49, 53, 65, 5, 4, 17, 6, 7, 1, 15, 19, 31, 14, 8, 9, 2, 13, 20, 32, 24, 25, 23, 22, 35, 47, 54, 66, 58, 59, 57, 56, 69, 81, 88, 100, 92, 93, 91, 90, 103, 115, 122, 133, 126, 127, 125, 124, 111, 110, 121, 112, 113, 102, 114, 123, 132, 77, 76, 87, 78, 79, 68, 80, 89, 101, 43, 42, 48, 44, 45, 34, 46, 55, 67, 10, 11, 3, 12, 21, 33, 0]




