--------------------- Folder: pr144 ---------------------
Time taken to read the file: 0.0015347003936767578 seconds
-----------
Time taken to execute: 0.0974738597869873 seconds
Memory taken to execute: 12.0 kilobytes
Best cost: 80596.32004796875
Solution path: [0, 1, 27, 28, 29, 26, 25, 34, 35, 24, 23, 22, 21, 36, 37, 38, 39, 20, 17, 16, 40, 41, 15, 14, 13, 12, 19, 18, 7, 6, 8, 9, 10, 11, 45, 46, 47, 58, 59, 57, 56, 55, 54, 53, 52, 51, 50, 49, 48, 82, 83, 84, 85, 109, 108, 107, 106, 105, 104, 103, 87, 86, 102, 101, 100, 99, 98, 97, 96, 95, 94, 93, 92, 91, 90, 89, 88, 77, 76, 75, 74, 73, 72, 114, 130, 131, 132, 133, 134, 135, 136, 137, 138, 139, 140, 141, 142, 143, 129, 128, 127, 126, 125, 124, 123, 122, 121, 120, 119, 118, 117, 116, 115, 110, 111, 112, 113, 81, 80, 79, 78, 60, 61, 62, 63, 64, 65, 66, 67, 68, 69, 71, 70, 44, 43, 42, 33, 32, 31, 30, 2, 3, 4, 5, 0]




