--------------------- Folder: pr152 ---------------------
Time taken to read the file: 0.0015954971313476562 seconds
-----------
Time taken to execute: 0.09020018577575684 seconds
Memory taken to execute: 32.0 kilobytes
Best cost: 87998.6939814051
Solution path: [0, 34, 35, 33, 15, 1, 14, 31, 32, 36, 46, 50, 72, 74, 73, 75, 49, 48, 47, 76, 92, 93, 94, 91, 77, 90, 95, 114, 115, 78, 70, 71, 52, 51, 45, 69, 68, 53, 44, 96, 97, 98, 89, 79, 88, 99, 112, 113, 80, 66, 67, 55, 54, 43, 65, 64, 56, 42, 100, 101, 102, 87, 81, 86, 103, 110, 111, 82, 62, 63, 58, 57, 41, 61, 60, 59, 40, 104, 105, 106, 85, 83, 84, 107, 108, 109, 116, 139, 138, 140, 141, 142, 137, 136, 117, 118, 135, 134, 143, 144, 145, 133, 132, 119, 120, 131, 130, 146, 147, 148, 129, 128, 121, 122, 127, 126, 150, 149, 151, 125, 124, 123, 2, 30, 29, 28, 13, 3, 12, 26, 27, 37, 4, 25, 24, 23, 11, 5, 10, 21, 22, 38, 6, 19, 20, 18, 9, 7, 8, 16, 17, 39, 0]




