--------------------- Folder: pr226 ---------------------
Time taken to read the file: 0.0032100677490234375 seconds
-----------
Time taken to execute: 0.1562647819519043 seconds
Memory taken to execute: 148.0 kilobytes
Best cost: 116692.15371518278
Solution path: [0, 72, 73, 74, 75, 76, 77, 78, 79, 80, 81, 82, 83, 84, 85, 1, 2, 3, 4, 5, 6, 8, 9, 13, 14, 10, 11, 12, 70, 67, 68, 69, 65, 102, 104, 103, 105, 106, 107, 108, 109, 117, 125, 118, 119, 120, 121, 122, 123, 124, 131, 215, 214, 213, 212, 211, 210, 209, 208, 207, 206, 205, 204, 203, 202, 201, 200, 199, 198, 197, 196, 195, 194, 193, 192, 191, 190, 216, 217, 218, 219, 220, 221, 222, 223, 224, 225, 129, 130, 128, 132, 133, 134, 135, 126, 127, 116, 115, 114, 113, 112, 111, 110, 71, 15, 16, 66, 17, 18, 64, 19, 50, 51, 52, 53, 54, 55, 56, 57, 58, 59, 60, 61, 62, 63, 49, 20, 21, 22, 23, 24, 25, 26, 28, 29, 33, 34, 30, 31, 32, 47, 44, 45, 46, 42, 86, 88, 87, 89, 90, 91, 92, 93, 101, 143, 136, 137, 138, 139, 140, 141, 142, 149, 179, 178, 177, 176, 175, 174, 173, 172, 171, 170, 169, 168, 167, 166, 165, 164, 163, 162, 161, 160, 159, 158, 157, 156, 155, 154, 180, 181, 182, 183, 184, 185, 186, 187, 188, 189, 147, 148, 146, 150, 151, 152, 153, 144, 145, 100, 99, 98, 97, 96, 95, 94, 48, 35, 36, 43, 37, 38, 41, 40, 39, 27, 7, 0]




