--------------------- Folder: pr264 ---------------------
Time taken to read the file: 0.004215240478515625 seconds
-----------
Time taken to execute: 0.198699951171875 seconds
Memory taken to execute: 32.0 kilobytes
Best cost: 66466.8417493333
Solution path: [0, 39, 40, 41, 42, 43, 44, 45, 47, 46, 51, 50, 49, 55, 54, 126, 125, 124, 127, 52, 53, 48, 56, 57, 121, 122, 123, 58, 38, 37, 36, 60, 59, 120, 119, 118, 128, 33, 34, 35, 61, 62, 115, 116, 117, 30, 31, 32, 27, 28, 29, 65, 66, 109, 110, 111, 24, 25, 26, 21, 22, 23, 69, 70, 103, 104, 105, 18, 19, 20, 15, 16, 17, 73, 74, 97, 98, 99, 12, 13, 14, 9, 10, 11, 77, 78, 91, 92, 93, 130, 129, 131, 135, 191, 190, 189, 206, 205, 255, 254, 261, 260, 262, 134, 194, 193, 192, 204, 203, 257, 256, 133, 195, 196, 197, 201, 202, 258, 259, 199, 200, 132, 198, 136, 186, 187, 188, 207, 208, 252, 253, 137, 185, 184, 183, 210, 209, 251, 250, 138, 180, 181, 182, 211, 212, 248, 249, 139, 179, 178, 177, 214, 213, 247, 246, 140, 174, 175, 176, 215, 216, 244, 245, 141, 171, 172, 173, 217, 218, 242, 243, 142, 170, 169, 168, 220, 219, 241, 240, 143, 165, 166, 167, 221, 222, 238, 239, 144, 164, 163, 162, 224, 223, 237, 236, 263, 146, 145, 147, 161, 160, 159, 158, 157, 154, 148, 149, 153, 152, 151, 229, 228, 233, 232, 231, 150, 230, 155, 156, 226, 227, 234, 235, 225, 6, 7, 8, 3, 4, 5, 81, 82, 85, 86, 87, 84, 83, 1, 2, 80, 79, 90, 89, 88, 76, 75, 96, 95, 94, 72, 71, 102, 101, 100, 68, 67, 108, 107, 106, 64, 63, 114, 113, 112, 0]




