--------------------- Folder: pr299 ---------------------
Time taken to read the file: 0.005554914474487305 seconds
-----------
Time taken to execute: 0.2738015651702881 seconds
Memory taken to execute: 8.0 kilobytes
Best cost: 64646.03471992065
Solution path: [0, 3, 2, 1, 5, 4, 6, 91, 92, 143, 145, 144, 147, 146, 148, 153, 154, 155, 213, 214, 292, 291, 289, 290, 288, 287, 286, 216, 215, 217, 211, 212, 221, 208, 209, 207, 206, 203, 204, 205, 222, 223, 225, 226, 298, 224, 279, 282, 281, 280, 277, 278, 275, 276, 231, 232, 229, 230, 228, 202, 227, 199, 198, 200, 165, 164, 130, 129, 103, 128, 131, 102, 132, 134, 135, 136, 162, 161, 163, 137, 133, 201, 274, 283, 284, 285, 218, 219, 210, 159, 160, 139, 138, 96, 95, 94, 97, 82, 83, 98, 99, 100, 80, 81, 78, 21, 22, 20, 17, 18, 16, 14, 15, 19, 23, 24, 25, 26, 27, 28, 79, 75, 77, 74, 76, 71, 72, 73, 70, 68, 69, 66, 67, 65, 62, 63, 104, 64, 61, 106, 32, 31, 30, 29, 33, 34, 35, 37, 36, 41, 39, 40, 42, 44, 45, 43, 46, 47, 48, 49, 50, 51, 52, 56, 38, 59, 57, 111, 110, 112, 122, 126, 125, 124, 123, 120, 121, 119, 118, 116, 114, 115, 113, 54, 55, 53, 117, 176, 174, 175, 177, 186, 188, 178, 170, 171, 173, 127, 168, 169, 194, 193, 195, 192, 246, 245, 244, 243, 248, 247, 249, 250, 187, 267, 266, 264, 265, 262, 260, 254, 251, 252, 259, 253, 255, 184, 185, 183, 182, 181, 180, 179, 258, 257, 256, 263, 261, 241, 242, 238, 268, 269, 270, 239, 240, 236, 237, 235, 233, 197, 196, 166, 167, 234, 273, 271, 272, 190, 191, 172, 189, 58, 60, 109, 107, 108, 105, 101, 86, 93, 85, 84, 90, 88, 89, 87, 13, 12, 11, 10, 9, 8, 7, 140, 141, 142, 158, 157, 156, 220, 294, 293, 296, 295, 297, 152, 151, 150, 149, 0]




