--------------------- Folder: pr439 ---------------------
Time taken to read the file: 0.012213706970214844 seconds
-----------
Time taken to execute: 0.5791482925415039 seconds
Memory taken to execute: 12.0 kilobytes
Best cost: 144624.15787804432
Solution path: [0, 2, 1, 51, 50, 49, 47, 46, 48, 45, 44, 42, 40, 39, 10, 9, 8, 7, 6, 5, 4, 3, 11, 12, 13, 14, 15, 16, 32, 33, 34, 35, 36, 43, 41, 38, 37, 55, 54, 53, 52, 81, 80, 79, 78, 56, 57, 77, 76, 86, 58, 59, 60, 75, 74, 61, 31, 30, 29, 28, 26, 25, 63, 24, 22, 23, 21, 20, 19, 18, 17, 65, 66, 67, 68, 69, 70, 71, 90, 89, 88, 87, 106, 105, 104, 103, 101, 91, 92, 93, 102, 114, 116, 119, 120, 118, 117, 115, 141, 140, 139, 138, 137, 157, 156, 155, 154, 153, 152, 150, 151, 142, 149, 181, 180, 179, 178, 177, 176, 182, 191, 183, 190, 189, 192, 193, 194, 195, 196, 197, 198, 199, 200, 201, 202, 204, 205, 206, 207, 170, 171, 173, 172, 203, 174, 175, 160, 159, 161, 162, 163, 164, 166, 165, 168, 169, 167, 133, 134, 135, 136, 215, 214, 213, 212, 211, 210, 209, 249, 250, 208, 252, 251, 254, 253, 255, 256, 257, 258, 313, 312, 311, 310, 309, 308, 307, 306, 263, 262, 261, 260, 259, 264, 265, 266, 267, 268, 269, 270, 271, 300, 301, 302, 303, 329, 330, 328, 327, 326, 331, 332, 333, 334, 335, 336, 337, 338, 293, 294, 295, 296, 297, 298, 299, 272, 273, 274, 275, 276, 277, 278, 365, 364, 363, 362, 361, 360, 359, 369, 358, 357, 355, 354, 353, 352, 350, 349, 348, 347, 345, 344, 375, 376, 379, 378, 388, 389, 413, 420, 419, 418, 346, 287, 288, 289, 290, 291, 292, 286, 285, 284, 279, 231, 230, 224, 187, 188, 186, 229, 280, 281, 228, 227, 282, 283, 343, 342, 341, 340, 372, 371, 370, 382, 381, 383, 393, 394, 392, 397, 396, 395, 406, 405, 412, 411, 422, 421, 426, 429, 432, 431, 423, 424, 409, 410, 408, 407, 402, 433, 437, 436, 435, 434, 438, 425, 373, 374, 380, 390, 391, 398, 225, 226, 185, 148, 82, 83, 84, 339, 351, 356, 368, 367, 366, 377, 384, 385, 386, 387, 400, 399, 415, 414, 401, 403, 404, 416, 417, 427, 428, 430, 304, 305, 321, 320, 319, 318, 317, 316, 322, 323, 324, 325, 314, 315, 248, 247, 246, 245, 216, 217, 218, 219, 220, 240, 239, 238, 237, 236, 235, 234, 233, 232, 222, 223, 221, 241, 242, 243, 244, 158, 121, 122, 124, 125, 123, 126, 128, 98, 127, 129, 130, 131, 132, 100, 99, 94, 95, 97, 96, 113, 112, 107, 108, 143, 145, 146, 147, 144, 184, 111, 110, 109, 64, 27, 62, 72, 73, 85, 0]




