--------------------- Folder: rat195 ---------------------
Time taken to read the file: 0.0024008750915527344 seconds
-----------
Time taken to execute: 0.13427281379699707 seconds
Memory taken to execute: 52.0 kilobytes
Best cost: 3317.723252056972
Solution path: [0, 1, 2, 3, 4, 5, 6, 7, 8, 9, 10, 11, 12, 18, 19, 20, 21, 22, 23, 24, 25, 33, 34, 35, 36, 49, 50, 51, 37, 38, 17, 16, 15, 14, 13, 27, 28, 29, 30, 31, 32, 45, 46, 47, 48, 44, 43, 42, 41, 40, 39, 52, 53, 54, 55, 56, 57, 70, 71, 72, 73, 74, 75, 88, 87, 89, 90, 76, 77, 61, 62, 63, 64, 60, 59, 84, 83, 82, 81, 80, 79, 78, 65, 66, 67, 68, 69, 96, 97, 98, 99, 100, 101, 102, 103, 110, 111, 112, 113, 126, 125, 124, 123, 122, 121, 120, 107, 108, 109, 127, 128, 129, 141, 142, 140, 139, 138, 137, 136, 135, 134, 133, 132, 131, 130, 144, 143, 119, 118, 117, 146, 147, 148, 149, 150, 151, 152, 165, 164, 153, 154, 155, 163, 162, 161, 160, 145, 159, 158, 171, 170, 169, 184, 183, 182, 185, 186, 187, 188, 189, 172, 173, 174, 175, 176, 177, 178, 179, 166, 167, 168, 180, 181, 191, 190, 192, 193, 194, 157, 156, 114, 115, 116, 95, 94, 93, 92, 91, 104, 106, 105, 85, 86, 58, 26, 0]




