--------------------- Folder: rat575 ---------------------
Time taken to read the file: 0.018566608428955078 seconds
-----------
Time taken to execute: 0.9619436264038086 seconds
Memory taken to execute: 188.0 kilobytes
Best cost: 9438.933433360664
Solution path: [0, 24, 23, 47, 48, 71, 72, 73, 50, 49, 70, 92, 93, 94, 116, 115, 117, 140, 141, 142, 143, 120, 119, 118, 121, 145, 146, 123, 122, 98, 97, 74, 96, 95, 100, 99, 77, 76, 75, 53, 54, 55, 56, 57, 58, 35, 36, 37, 60, 59, 81, 82, 83, 84, 105, 104, 128, 106, 107, 130, 131, 132, 154, 155, 177, 156, 179, 178, 202, 201, 200, 176, 175, 174, 173, 153, 152, 151, 150, 127, 129, 108, 109, 103, 102, 101, 125, 124, 80, 61, 62, 63, 64, 65, 66, 67, 68, 91, 88, 89, 112, 90, 111, 110, 133, 113, 114, 137, 87, 86, 85, 38, 15, 39, 40, 41, 18, 42, 19, 20, 44, 43, 45, 22, 21, 17, 14, 16, 34, 33, 10, 32, 31, 30, 52, 51, 28, 27, 4, 3, 2, 1, 26, 25, 29, 7, 6, 5, 9, 8, 12, 11, 13, 79, 78, 147, 148, 149, 172, 171, 170, 169, 168, 167, 144, 166, 165, 164, 163, 162, 161, 139, 138, 184, 193, 194, 216, 215, 214, 213, 235, 212, 211, 188, 187, 186, 185, 208, 207, 189, 210, 209, 232, 231, 255, 253, 230, 254, 276, 233, 234, 257, 258, 281, 280, 256, 279, 278, 277, 301, 300, 299, 324, 323, 322, 345, 346, 347, 348, 349, 325, 326, 350, 351, 352, 373, 372, 371, 394, 393, 392, 369, 370, 391, 368, 374, 396, 397, 398, 399, 400, 401, 424, 425, 426, 427, 428, 405, 406, 407, 430, 431, 432, 433, 434, 435, 436, 413, 459, 404, 403, 402, 381, 383, 429, 448, 449, 450, 451, 472, 471, 470, 447, 446, 445, 467, 444, 443, 466, 442, 441, 440, 464, 463, 462, 461, 460, 483, 484, 439, 438, 437, 416, 415, 414, 485, 465, 489, 490, 468, 469, 491, 513, 515, 492, 493, 494, 495, 518, 519, 520, 521, 522, 523, 501, 500, 499, 477, 502, 524, 525, 503, 504, 480, 479, 526, 548, 549, 527, 528, 505, 543, 542, 541, 564, 563, 562, 561, 538, 537, 536, 512, 535, 559, 558, 534, 556, 533, 532, 555, 554, 553, 552, 531, 530, 529, 557, 514, 560, 566, 565, 544, 567, 545, 546, 569, 568, 570, 571, 572, 573, 550, 574, 551, 547, 517, 540, 539, 516, 488, 511, 487, 510, 486, 508, 509, 507, 506, 423, 422, 473, 496, 497, 498, 474, 475, 452, 476, 453, 454, 455, 456, 478, 457, 458, 481, 482, 376, 421, 420, 419, 395, 418, 417, 375, 302, 303, 259, 260, 282, 283, 305, 306, 329, 307, 330, 331, 332, 354, 353, 355, 356, 357, 378, 379, 380, 377, 308, 309, 310, 311, 333, 334, 312, 304, 327, 328, 284, 261, 285, 262, 263, 286, 236, 237, 238, 239, 240, 217, 218, 219, 242, 243, 244, 266, 267, 268, 245, 246, 247, 248, 226, 225, 224, 223, 271, 270, 269, 249, 250, 273, 274, 275, 298, 251, 252, 229, 228, 205, 206, 183, 204, 203, 180, 181, 182, 159, 160, 136, 135, 134, 157, 158, 227, 272, 222, 291, 292, 314, 315, 316, 317, 295, 294, 293, 296, 297, 320, 321, 319, 318, 342, 341, 364, 363, 340, 339, 338, 337, 336, 335, 359, 382, 358, 360, 361, 384, 362, 385, 365, 366, 367, 389, 412, 388, 411, 410, 387, 409, 386, 408, 390, 343, 344, 313, 290, 265, 264, 241, 289, 288, 287, 220, 196, 195, 197, 198, 199, 221, 192, 191, 190, 126, 69, 46, 0]




