--------------------- Folder: rat783 ---------------------
Time taken to read the file: 0.03054070472717285 seconds
-----------
Time taken to execute: 1.8895983695983887 seconds
Memory taken to execute: 8.0 kilobytes
Best cost: 12054.453156740949
Solution path: [0, 14, 24, 36, 44, 56, 51, 48, 55, 40, 45, 46, 52, 57, 64, 82, 93, 106, 110, 75, 97, 94, 88, 73, 76, 62, 38, 28, 9, 2, 4, 18, 29, 7, 19, 35, 30, 34, 21, 13, 8, 11, 32, 47, 63, 70, 84, 98, 67, 85, 81, 61, 49, 53, 41, 50, 31, 25, 26, 23, 27, 33, 3, 10, 12, 5, 20, 15, 71, 91, 102, 92, 89, 77, 68, 90, 95, 72, 65, 74, 86, 83, 78, 42, 37, 39, 59, 54, 43, 103, 112, 118, 121, 141, 147, 144, 167, 169, 180, 176, 193, 198, 192, 170, 173, 165, 157, 177, 191, 202, 190, 188, 196, 187, 182, 200, 212, 220, 225, 236, 250, 252, 261, 274, 256, 286, 281, 282, 287, 307, 309, 262, 259, 270, 271, 300, 311, 317, 325, 335, 329, 321, 320, 332, 344, 302, 291, 280, 268, 249, 232, 231, 239, 257, 258, 267, 255, 266, 285, 298, 273, 272, 277, 275, 276, 288, 301, 312, 304, 293, 269, 265, 254, 245, 238, 235, 241, 234, 214, 215, 229, 230, 226, 221, 247, 248, 242, 223, 207, 201, 203, 186, 224, 216, 205, 199, 197, 178, 175, 162, 168, 156, 163, 164, 172, 181, 149, 143, 123, 120, 125, 117, 137, 158, 153, 140, 129, 128, 131, 130, 166, 189, 211, 210, 208, 218, 289, 299, 306, 292, 305, 290, 315, 331, 324, 322, 318, 326, 334, 357, 343, 327, 355, 358, 351, 342, 362, 383, 394, 389, 386, 381, 400, 406, 396, 388, 391, 404, 424, 442, 437, 421, 432, 425, 429, 423, 419, 448, 455, 456, 466, 482, 490, 499, 500, 506, 504, 520, 535, 534, 540, 541, 555, 563, 562, 565, 577, 587, 598, 589, 597, 596, 585, 593, 610, 625, 637, 639, 623, 579, 595, 578, 561, 553, 550, 533, 529, 547, 532, 525, 510, 498, 559, 575, 567, 560, 568, 612, 618, 640, 643, 633, 626, 611, 616, 627, 620, 606, 602, 608, 621, 635, 629, 632, 630, 638, 641, 631, 628, 614, 603, 605, 592, 591, 581, 566, 573, 594, 607, 601, 584, 582, 615, 636, 646, 669, 675, 673, 667, 666, 663, 672, 662, 655, 657, 642, 634, 624, 622, 619, 580, 572, 558, 552, 571, 570, 574, 649, 661, 653, 652, 617, 609, 588, 613, 604, 645, 650, 665, 668, 683, 660, 648, 656, 680, 690, 691, 712, 706, 718, 719, 720, 725, 739, 747, 765, 773, 772, 748, 749, 762, 769, 779, 780, 726, 729, 730, 745, 722, 740, 741, 751, 755, 763, 750, 727, 714, 702, 695, 693, 716, 713, 710, 711, 686, 681, 676, 728, 743, 752, 766, 770, 774, 782, 781, 723, 715, 707, 701, 761, 698, 694, 685, 709, 699, 700, 692, 688, 736, 732, 753, 754, 697, 674, 659, 654, 644, 679, 684, 678, 670, 677, 687, 708, 704, 717, 734, 744, 735, 731, 742, 738, 721, 757, 758, 756, 767, 778, 776, 775, 759, 764, 771, 760, 746, 733, 724, 737, 768, 777, 658, 651, 647, 664, 671, 682, 696, 703, 689, 705, 586, 590, 583, 599, 600, 576, 569, 564, 557, 514, 512, 518, 517, 530, 539, 546, 556, 551, 538, 494, 528, 476, 459, 472, 454, 462, 485, 491, 507, 511, 516, 505, 452, 457, 451, 444, 435, 428, 422, 465, 483, 484, 481, 471, 365, 316, 338, 345, 352, 364, 370, 375, 349, 346, 353, 350, 347, 339, 337, 336, 363, 372, 367, 384, 387, 402, 414, 413, 399, 401, 415, 431, 445, 458, 449, 464, 474, 487, 492, 488, 479, 473, 486, 496, 495, 493, 475, 463, 469, 468, 513, 519, 523, 521, 526, 542, 501, 508, 524, 527, 536, 543, 531, 544, 548, 545, 537, 549, 554, 497, 477, 467, 453, 446, 439, 426, 450, 470, 480, 478, 460, 461, 443, 441, 427, 420, 489, 503, 502, 509, 522, 515, 411, 397, 377, 378, 368, 373, 395, 398, 393, 412, 405, 403, 361, 360, 348, 341, 333, 323, 319, 308, 297, 295, 296, 303, 313, 314, 328, 340, 354, 356, 366, 283, 278, 260, 251, 244, 240, 246, 237, 217, 213, 222, 206, 263, 264, 279, 284, 253, 233, 330, 382, 359, 374, 379, 385, 380, 371, 369, 376, 392, 407, 408, 409, 418, 416, 410, 417, 390, 430, 438, 434, 440, 447, 436, 433, 310, 294, 228, 227, 219, 243, 209, 148, 133, 134, 113, 108, 105, 100, 60, 58, 66, 69, 79, 99, 96, 109, 116, 122, 138, 146, 154, 159, 174, 194, 195, 183, 204, 185, 179, 171, 184, 152, 155, 150, 135, 151, 160, 142, 136, 132, 115, 111, 107, 104, 101, 127, 139, 119, 161, 126, 145, 124, 114, 87, 80, 16, 22, 1, 6, 17, 0]




