--------------------- Folder: rat99 ---------------------
Time taken to read the file: 0.0010080337524414062 seconds
-----------
Time taken to execute: 0.036132097244262695 seconds
Memory taken to execute: 88.0 kilobytes
Best cost: 1723.2250451508614
Solution path: [0, 1, 2, 11, 10, 12, 21, 20, 19, 18, 22, 23, 24, 25, 34, 35, 43, 33, 42, 41, 32, 31, 40, 39, 38, 47, 46, 45, 54, 37, 30, 29, 28, 36, 27, 44, 53, 52, 51, 50, 49, 48, 57, 58, 56, 55, 64, 65, 66, 67, 77, 76, 75, 84, 83, 82, 81, 92, 91, 90, 93, 85, 94, 86, 87, 88, 89, 98, 97, 96, 95, 74, 73, 72, 68, 69, 70, 79, 80, 71, 78, 63, 59, 60, 61, 62, 26, 14, 15, 16, 17, 3, 13, 4, 5, 6, 7, 8, 9, 0]




