--------------------- Folder: rd400 ---------------------
Time taken to read the file: 0.012448549270629883 seconds
-----------
Time taken to execute: 0.5003993511199951 seconds
Memory taken to execute: 8.0 kilobytes
Best cost: 20250.376744292647
Solution path: [0, 200, 8, 3, 168, 44, 255, 160, 33, 285, 346, 177, 308, 213, 284, 201, 215, 335, 128, 119, 246, 221, 114, 303, 38, 294, 25, 327, 166, 116, 281, 185, 16, 316, 267, 305, 88, 172, 12, 18, 383, 297, 23, 239, 97, 287, 163, 66, 204, 356, 210, 233, 394, 198, 76, 283, 53, 399, 288, 154, 235, 262, 237, 50, 164, 231, 89, 382, 101, 260, 224, 314, 286, 113, 391, 161, 312, 348, 228, 174, 144, 180, 43, 127, 7, 334, 90, 148, 337, 192, 398, 37, 238, 54, 167, 39, 108, 263, 111, 379, 245, 351, 132, 248, 318, 258, 78, 374, 120, 243, 87, 251, 184, 126, 152, 339, 242, 186, 311, 86, 277, 347, 355, 388, 330, 199, 24, 28, 196, 368, 94, 52, 397, 162, 173, 380, 83, 64, 365, 358, 158, 84, 307, 189, 155, 70, 40, 342, 257, 236, 202, 357, 91, 366, 21, 256, 107, 353, 359, 298, 384, 138, 1, 121, 208, 264, 95, 178, 56, 102, 65, 214, 226, 19, 367, 273, 81, 325, 105, 269, 385, 98, 103, 142, 369, 290, 230, 219, 74, 36, 377, 27, 268, 249, 222, 387, 261, 124, 241, 30, 9, 188, 145, 352, 51, 13, 140, 259, 279, 79, 227, 225, 280, 4, 254, 265, 134, 92, 329, 386, 194, 313, 389, 115, 331, 131, 271, 2, 206, 360, 392, 372, 15, 211, 72, 381, 376, 336, 175, 220, 169, 217, 26, 125, 11, 42, 375, 130, 320, 62, 296, 317, 247, 354, 104, 193, 32, 323, 149, 137, 45, 85, 182, 371, 282, 324, 301, 176, 143, 197, 207, 77, 321, 350, 373, 291, 276, 60, 234, 93, 240, 80, 69, 363, 133, 171, 266, 187, 139, 73, 218, 96, 216, 181, 232, 17, 304, 393, 49, 82, 295, 151, 179, 203, 209, 191, 364, 332, 170, 293, 333, 309, 302, 110, 165, 146, 289, 370, 274, 272, 55, 136, 338, 156, 299, 306, 157, 129, 310, 250, 275, 396, 75, 68, 340, 6, 315, 117, 195, 106, 159, 63, 150, 5, 57, 48, 341, 212, 229, 345, 378, 135, 390, 41, 29, 14, 20, 300, 112, 349, 100, 395, 319, 67, 252, 47, 123, 22, 190, 205, 122, 46, 34, 270, 183, 35, 118, 153, 278, 322, 71, 141, 61, 328, 253, 361, 31, 58, 223, 244, 362, 99, 10, 344, 59, 343, 326, 292, 147, 109, 0]




