--------------------- Folder: st70 ---------------------
Time taken to read the file: 0.0006580352783203125 seconds
-----------
Time taken to execute: 0.02261495590209961 seconds
Memory taken to execute: 40.0 kilobytes
Best cost: 873.3514856717352
Solution path: [0, 35, 22, 37, 58, 21, 62, 65, 56, 14, 23, 68, 30, 12, 28, 69, 34, 15, 46, 36, 57, 49, 9, 51, 59, 11, 20, 33, 16, 42, 40, 5, 41, 17, 3, 1, 6, 31, 2, 7, 27, 13, 19, 29, 25, 48, 54, 18, 67, 43, 8, 39, 60, 44, 38, 24, 26, 45, 32, 53, 61, 47, 66, 55, 64, 63, 50, 10, 4, 52, 0]




