--------------------- Folder: ts225 ---------------------
Time taken to read the file: 0.0035097599029541016 seconds
-----------
Time taken to execute: 0.15775561332702637 seconds
Memory taken to execute: 8.0 kilobytes
Best cost: 188009.70162933244
Solution path: [0, 1, 2, 3, 4, 5, 6, 7, 8, 9, 10, 11, 12, 13, 14, 15, 16, 17, 18, 19, 20, 21, 22, 23, 24, 145, 146, 147, 148, 140, 141, 142, 143, 135, 136, 137, 138, 130, 131, 132, 133, 125, 126, 127, 128, 129, 25, 26, 27, 28, 29, 30, 31, 32, 33, 34, 35, 36, 37, 38, 39, 40, 41, 42, 43, 44, 45, 46, 47, 48, 49, 149, 170, 171, 172, 173, 144, 165, 166, 167, 168, 139, 160, 161, 162, 163, 134, 155, 156, 157, 158, 150, 151, 152, 153, 154, 50, 51, 52, 53, 54, 55, 56, 57, 58, 59, 60, 61, 62, 63, 64, 65, 66, 67, 68, 69, 70, 71, 72, 73, 74, 174, 195, 196, 197, 198, 169, 190, 191, 192, 193, 164, 185, 186, 187, 188, 159, 180, 181, 182, 183, 175, 176, 177, 178, 179, 75, 76, 77, 78, 79, 80, 81, 82, 83, 84, 85, 86, 87, 88, 89, 90, 91, 92, 93, 94, 95, 96, 97, 98, 99, 199, 220, 221, 222, 223, 194, 215, 216, 217, 218, 189, 210, 211, 212, 213, 184, 205, 206, 207, 208, 200, 201, 202, 203, 204, 100, 101, 102, 103, 104, 105, 106, 107, 108, 109, 110, 111, 112, 113, 114, 115, 116, 117, 118, 119, 120, 121, 122, 123, 124, 224, 219, 214, 209, 0]




