--------------------- Folder: u1060 ---------------------
Time taken to read the file: 0.05283832550048828 seconds
-----------
Time taken to execute: 3.629209518432617 seconds
Memory taken to execute: 8.0 kilobytes
Best cost: 302914.8663669418
Solution path: [0, 2, 1, 3, 1059, 1058, 1057, 1056, 1055, 1054, 9, 10, 1052, 1053, 1050, 1051, 30, 29, 11, 28, 27, 26, 25, 24, 23, 32, 33, 35, 34, 40, 39, 41, 37, 38, 53, 1043, 1042, 1049, 1041, 1040, 1039, 1038, 36, 1033, 1034, 1035, 1036, 1037, 1032, 1031, 1030, 56, 55, 57, 58, 54, 60, 59, 61, 62, 63, 64, 65, 1017, 1018, 1019, 1020, 1009, 1021, 1006, 1022, 1005, 1004, 1003, 997, 996, 995, 994, 993, 988, 987, 986, 989, 985, 984, 982, 983, 979, 980, 977, 978, 976, 975, 974, 981, 973, 972, 970, 971, 969, 998, 1001, 999, 1000, 1013, 1012, 1014, 992, 991, 990, 1002, 1023, 1024, 1025, 1007, 1008, 1010, 1016, 1011, 1015, 1026, 1027, 1028, 1029, 1044, 1046, 1047, 1045, 1048, 21, 20, 19, 16, 18, 17, 15, 14, 104, 105, 106, 103, 102, 100, 101, 97, 98, 93, 92, 96, 95, 94, 891, 890, 889, 888, 882, 887, 111, 112, 114, 115, 119, 117, 118, 116, 120, 128, 127, 129, 130, 133, 134, 132, 135, 123, 124, 125, 126, 136, 7, 108, 110, 109, 113, 131, 883, 885, 886, 884, 892, 893, 894, 900, 899, 901, 902, 903, 905, 904, 906, 907, 911, 912, 913, 914, 918, 920, 919, 921, 922, 917, 923, 925, 924, 926, 860, 861, 862, 863, 864, 865, 219, 218, 220, 221, 222, 858, 859, 856, 855, 224, 225, 226, 853, 852, 228, 227, 229, 230, 236, 237, 238, 239, 246, 245, 244, 243, 235, 234, 249, 250, 248, 251, 252, 254, 253, 255, 264, 263, 265, 266, 256, 257, 262, 261, 260, 259, 258, 199, 200, 201, 202, 203, 198, 194, 193, 197, 196, 195, 204, 189, 188, 183, 185, 184, 186, 187, 182, 181, 180, 179, 178, 177, 176, 175, 174, 170, 169, 171, 168, 167, 166, 163, 162, 161, 160, 158, 159, 157, 155, 154, 153, 152, 151, 150, 149, 148, 147, 142, 141, 143, 140, 139, 138, 137, 144, 145, 146, 164, 165, 156, 172, 173, 190, 191, 192, 206, 207, 208, 216, 211, 212, 213, 215, 214, 866, 867, 868, 870, 871, 872, 873, 877, 878, 874, 875, 876, 879, 880, 881, 869, 210, 209, 205, 247, 309, 310, 311, 286, 287, 288, 291, 290, 289, 292, 293, 294, 297, 298, 299, 296, 295, 300, 301, 319, 320, 325, 326, 322, 321, 323, 324, 331, 332, 334, 335, 336, 337, 340, 339, 338, 329, 328, 327, 341, 343, 346, 345, 347, 344, 348, 354, 355, 356, 357, 361, 360, 362, 363, 364, 369, 370, 372, 371, 374, 375, 379, 378, 376, 377, 380, 381, 382, 383, 385, 386, 384, 405, 403, 404, 396, 395, 394, 393, 392, 391, 390, 397, 398, 399, 402, 400, 401, 427, 429, 430, 431, 432, 434, 433, 435, 437, 438, 439, 600, 601, 602, 604, 603, 599, 444, 443, 442, 441, 440, 426, 425, 424, 423, 418, 415, 416, 417, 413, 414, 412, 419, 420, 421, 422, 410, 409, 408, 407, 406, 411, 447, 446, 448, 449, 457, 456, 455, 458, 598, 445, 450, 451, 597, 596, 595, 593, 594, 452, 453, 454, 558, 557, 559, 560, 561, 556, 555, 459, 460, 462, 461, 463, 554, 553, 562, 563, 564, 565, 566, 567, 571, 572, 573, 574, 575, 576, 577, 735, 734, 733, 729, 730, 731, 732, 578, 579, 580, 582, 581, 697, 698, 699, 700, 722, 723, 724, 727, 726, 725, 728, 583, 584, 585, 586, 587, 588, 589, 590, 696, 695, 694, 692, 691, 690, 701, 702, 704, 703, 705, 706, 707, 721, 720, 719, 708, 709, 710, 693, 686, 687, 688, 689, 681, 680, 679, 675, 676, 678, 677, 715, 714, 713, 712, 711, 716, 717, 718, 673, 674, 671, 672, 685, 684, 683, 682, 670, 568, 569, 570, 736, 737, 544, 545, 546, 543, 542, 541, 540, 539, 548, 549, 550, 551, 552, 529, 528, 530, 526, 527, 525, 478, 480, 479, 474, 475, 471, 470, 469, 466, 467, 468, 464, 472, 473, 465, 477, 476, 481, 482, 531, 532, 524, 523, 522, 521, 520, 516, 514, 515, 503, 517, 519, 518, 502, 496, 495, 501, 499, 500, 504, 513, 498, 506, 508, 507, 509, 510, 505, 512, 511, 497, 538, 533, 534, 536, 535, 537, 748, 747, 746, 745, 744, 743, 742, 741, 740, 739, 738, 547, 592, 591, 605, 608, 606, 607, 610, 609, 611, 612, 618, 619, 620, 622, 621, 625, 624, 627, 626, 628, 631, 629, 630, 635, 636, 637, 638, 639, 640, 643, 641, 642, 668, 667, 669, 663, 664, 657, 662, 659, 660, 661, 644, 646, 645, 647, 648, 656, 654, 658, 653, 652, 651, 649, 650, 655, 665, 666, 634, 633, 632, 623, 617, 616, 613, 615, 614, 436, 428, 387, 365, 366, 368, 367, 489, 488, 487, 486, 485, 484, 483, 358, 359, 493, 492, 490, 491, 494, 342, 800, 801, 802, 803, 804, 795, 797, 796, 798, 799, 794, 793, 792, 791, 790, 789, 788, 787, 786, 782, 781, 783, 780, 779, 778, 774, 773, 772, 771, 770, 769, 767, 766, 765, 764, 763, 762, 761, 760, 759, 754, 753, 755, 752, 751, 750, 749, 756, 757, 758, 776, 777, 768, 775, 784, 785, 330, 333, 350, 349, 351, 353, 352, 304, 318, 305, 317, 302, 303, 308, 312, 313, 314, 307, 306, 315, 316, 815, 816, 814, 813, 811, 810, 809, 806, 805, 808, 807, 812, 284, 285, 283, 282, 281, 280, 373, 279, 278, 277, 276, 275, 388, 389, 274, 273, 268, 271, 270, 269, 272, 267, 231, 232, 223, 233, 842, 843, 841, 845, 844, 840, 838, 818, 819, 820, 817, 836, 835, 837, 938, 936, 935, 934, 939, 940, 937, 834, 821, 822, 823, 825, 824, 833, 832, 826, 831, 829, 830, 828, 827, 839, 240, 241, 242, 846, 847, 849, 850, 848, 851, 854, 857, 217, 915, 916, 910, 909, 908, 896, 895, 897, 898, 107, 122, 121, 8, 13, 12, 22, 83, 84, 85, 86, 87, 91, 90, 89, 88, 46, 47, 45, 44, 43, 42, 50, 51, 52, 70, 71, 72, 73, 74, 75, 76, 80, 79, 77, 78, 81, 957, 958, 959, 960, 961, 956, 962, 963, 949, 954, 955, 950, 951, 953, 952, 927, 929, 930, 928, 931, 932, 933, 948, 947, 965, 946, 945, 944, 942, 943, 941, 966, 967, 968, 964, 68, 69, 66, 67, 49, 48, 82, 99, 31, 4, 6, 5, 0]




