--------------------- Folder: u159 ---------------------
Time taken to read the file: 0.0016286373138427734 seconds
-----------
Time taken to execute: 0.09784746170043945 seconds
Memory taken to execute: 96.0 kilobytes
Best cost: 57787.974410195486
Solution path: [0, 158, 1, 2, 3, 4, 152, 151, 6, 7, 8, 9, 10, 11, 12, 13, 14, 16, 17, 18, 19, 20, 22, 21, 23, 24, 26, 25, 27, 30, 31, 29, 28, 15, 143, 142, 141, 140, 138, 139, 136, 137, 36, 35, 37, 38, 39, 40, 41, 42, 43, 44, 45, 46, 47, 48, 49, 50, 51, 74, 75, 76, 72, 70, 69, 68, 67, 66, 65, 64, 63, 61, 60, 59, 58, 57, 56, 55, 54, 62, 53, 52, 71, 77, 78, 79, 80, 81, 82, 83, 84, 85, 96, 97, 98, 99, 100, 101, 102, 103, 104, 105, 106, 86, 87, 88, 89, 90, 91, 92, 93, 95, 94, 73, 121, 120, 119, 118, 122, 113, 114, 115, 116, 117, 108, 109, 110, 111, 112, 107, 134, 135, 132, 133, 131, 130, 127, 128, 123, 129, 126, 125, 124, 33, 34, 32, 144, 147, 146, 145, 148, 149, 150, 153, 154, 5, 155, 156, 157, 0]




