--------------------- Folder: u574 ---------------------
Time taken to read the file: 0.019147157669067383 seconds
-----------
Time taken to execute: 0.9380419254302979 seconds
Memory taken to execute: 8.0 kilobytes
Best cost: 49083.15193822763
Solution path: [0, 573, 572, 571, 570, 568, 567, 566, 565, 564, 563, 1, 2, 3, 47, 48, 49, 50, 51, 52, 53, 54, 56, 55, 79, 80, 81, 82, 83, 85, 84, 109, 108, 107, 106, 104, 105, 103, 102, 101, 100, 99, 95, 138, 137, 136, 135, 134, 133, 139, 140, 141, 142, 143, 145, 146, 147, 148, 149, 151, 150, 144, 98, 121, 120, 118, 117, 113, 112, 111, 110, 116, 115, 114, 73, 72, 71, 70, 68, 67, 66, 65, 64, 126, 127, 128, 129, 69, 125, 124, 123, 131, 132, 130, 62, 61, 60, 63, 74, 75, 76, 77, 59, 58, 119, 122, 97, 96, 94, 88, 87, 86, 28, 27, 29, 26, 25, 24, 23, 22, 21, 218, 217, 216, 215, 214, 211, 213, 212, 165, 166, 174, 175, 176, 177, 178, 179, 180, 181, 182, 183, 184, 185, 186, 187, 208, 207, 231, 232, 233, 234, 236, 239, 238, 205, 204, 203, 242, 241, 243, 244, 245, 246, 201, 247, 248, 200, 199, 198, 197, 249, 250, 252, 251, 253, 196, 194, 195, 193, 192, 190, 191, 189, 188, 518, 517, 516, 515, 514, 476, 477, 478, 479, 480, 506, 505, 507, 508, 509, 511, 510, 481, 482, 483, 484, 485, 486, 487, 488, 489, 491, 490, 492, 493, 494, 495, 496, 497, 498, 499, 500, 501, 502, 504, 503, 513, 512, 473, 469, 466, 468, 467, 465, 464, 463, 462, 459, 460, 461, 395, 396, 397, 398, 399, 400, 448, 447, 442, 443, 446, 444, 445, 432, 433, 434, 435, 439, 436, 437, 438, 431, 430, 429, 440, 441, 449, 455, 450, 454, 453, 451, 452, 401, 402, 403, 415, 414, 413, 412, 411, 357, 356, 355, 358, 359, 360, 361, 362, 363, 364, 365, 349, 350, 348, 347, 366, 367, 368, 346, 345, 344, 369, 370, 340, 341, 339, 338, 337, 371, 372, 373, 374, 377, 379, 380, 381, 384, 383, 382, 385, 386, 387, 388, 264, 263, 272, 271, 270, 269, 273, 274, 275, 276, 277, 262, 261, 278, 279, 280, 389, 265, 266, 267, 378, 333, 332, 268, 331, 334, 335, 336, 330, 342, 343, 375, 376, 351, 352, 353, 354, 410, 409, 408, 407, 406, 405, 404, 416, 417, 419, 418, 420, 421, 422, 423, 424, 426, 427, 428, 425, 394, 255, 254, 256, 257, 260, 259, 258, 390, 391, 392, 393, 457, 458, 456, 470, 472, 471, 475, 474, 202, 520, 521, 522, 523, 524, 527, 530, 531, 532, 534, 533, 529, 528, 535, 536, 537, 538, 539, 541, 540, 542, 543, 544, 547, 546, 545, 549, 550, 551, 552, 553, 554, 555, 556, 559, 558, 557, 6, 7, 8, 9, 10, 5, 4, 562, 561, 560, 12, 11, 548, 13, 526, 525, 519, 206, 237, 235, 230, 228, 229, 227, 226, 225, 240, 224, 223, 222, 284, 285, 286, 287, 292, 293, 294, 295, 304, 305, 303, 302, 301, 300, 299, 310, 309, 311, 312, 313, 314, 315, 316, 317, 319, 320, 321, 322, 325, 324, 323, 327, 328, 329, 326, 318, 308, 306, 307, 281, 282, 283, 296, 297, 298, 288, 291, 289, 290, 209, 210, 172, 173, 171, 170, 169, 168, 167, 152, 155, 159, 161, 162, 154, 153, 163, 160, 156, 157, 158, 20, 17, 16, 15, 14, 221, 220, 219, 19, 18, 31, 30, 33, 34, 32, 164, 89, 90, 91, 92, 93, 78, 40, 39, 38, 37, 36, 35, 41, 42, 57, 46, 45, 44, 43, 569, 0]




