--------------------- Folder: u724 ---------------------
Time taken to read the file: 0.026295185089111328 seconds
-----------
Time taken to execute: 1.5549297332763672 seconds
Memory taken to execute: 12.0 kilobytes
Best cost: 57779.66789292217
Solution path: [0, 723, 714, 1, 10, 720, 696, 20, 24, 23, 28, 43, 38, 44, 685, 32, 35, 687, 92, 688, 46, 29, 30, 81, 64, 66, 65, 49, 107, 77, 106, 116, 651, 644, 645, 641, 643, 633, 634, 620, 636, 618, 158, 659, 662, 663, 678, 665, 34, 623, 624, 626, 657, 656, 660, 664, 653, 661, 632, 615, 614, 617, 621, 622, 616, 629, 613, 627, 658, 655, 674, 677, 667, 679, 669, 78, 671, 680, 668, 676, 681, 670, 79, 40, 48, 41, 684, 80, 47, 39, 91, 90, 94, 22, 27, 689, 42, 45, 31, 683, 26, 25, 98, 17, 13, 672, 611, 612, 654, 673, 682, 610, 630, 154, 163, 142, 162, 619, 609, 160, 631, 155, 635, 161, 139, 138, 600, 598, 156, 608, 159, 157, 153, 164, 165, 141, 143, 172, 144, 183, 174, 597, 599, 592, 595, 590, 176, 178, 179, 180, 182, 177, 175, 173, 181, 604, 637, 151, 140, 137, 136, 606, 582, 152, 607, 605, 589, 593, 591, 558, 574, 184, 185, 552, 553, 186, 550, 572, 565, 573, 549, 568, 586, 585, 588, 570, 581, 569, 187, 544, 189, 547, 542, 541, 563, 545, 548, 560, 562, 561, 551, 536, 530, 527, 539, 540, 198, 200, 235, 204, 245, 244, 254, 243, 217, 218, 214, 228, 229, 230, 325, 326, 333, 327, 319, 231, 320, 232, 329, 233, 354, 355, 303, 356, 310, 312, 311, 397, 405, 398, 406, 400, 396, 394, 395, 399, 393, 392, 391, 390, 389, 385, 388, 386, 387, 383, 382, 381, 380, 379, 378, 377, 376, 375, 374, 365, 373, 372, 366, 367, 371, 370, 369, 368, 384, 309, 314, 308, 306, 318, 317, 304, 307, 305, 302, 316, 401, 313, 360, 362, 474, 361, 315, 357, 482, 358, 488, 359, 363, 475, 476, 296, 402, 473, 472, 404, 470, 471, 321, 330, 324, 322, 336, 335, 334, 331, 328, 332, 323, 347, 337, 338, 496, 491, 490, 479, 487, 489, 346, 351, 348, 340, 341, 494, 339, 350, 349, 345, 215, 222, 224, 515, 516, 519, 517, 225, 223, 518, 498, 495, 481, 480, 478, 477, 486, 295, 416, 415, 456, 411, 410, 452, 450, 449, 448, 447, 446, 445, 444, 443, 442, 440, 439, 438, 437, 436, 435, 433, 434, 432, 431, 430, 429, 428, 427, 426, 425, 424, 421, 420, 422, 423, 441, 451, 460, 412, 457, 461, 413, 408, 407, 293, 291, 290, 285, 284, 286, 289, 287, 288, 301, 300, 484, 298, 294, 297, 483, 299, 500, 503, 352, 353, 501, 502, 504, 505, 507, 508, 212, 213, 252, 249, 250, 247, 514, 525, 526, 197, 196, 194, 193, 192, 266, 267, 270, 271, 273, 277, 279, 280, 281, 278, 130, 276, 272, 274, 275, 282, 283, 128, 129, 602, 126, 131, 132, 127, 258, 265, 522, 264, 257, 188, 543, 268, 523, 520, 208, 221, 210, 521, 209, 251, 248, 510, 211, 261, 524, 262, 263, 260, 259, 511, 506, 509, 497, 344, 343, 342, 499, 493, 492, 403, 364, 292, 409, 414, 459, 462, 458, 419, 465, 418, 466, 417, 454, 455, 453, 469, 468, 467, 463, 464, 485, 513, 220, 207, 246, 255, 191, 227, 219, 512, 216, 226, 242, 240, 237, 236, 199, 202, 533, 529, 564, 559, 201, 203, 205, 241, 238, 234, 239, 206, 253, 195, 256, 528, 531, 532, 534, 190, 269, 537, 535, 538, 546, 594, 596, 557, 587, 628, 625, 666, 675, 646, 647, 640, 638, 639, 642, 119, 120, 150, 149, 135, 134, 147, 133, 146, 601, 583, 579, 578, 575, 567, 571, 580, 554, 555, 556, 577, 576, 566, 584, 603, 148, 145, 171, 166, 123, 124, 169, 168, 125, 167, 122, 650, 652, 118, 648, 117, 649, 121, 170, 50, 58, 51, 59, 104, 61, 60, 57, 55, 56, 76, 75, 112, 113, 74, 109, 54, 53, 71, 72, 52, 73, 110, 114, 63, 84, 82, 115, 70, 105, 103, 69, 62, 83, 85, 111, 68, 89, 100, 99, 16, 108, 67, 33, 686, 95, 93, 690, 691, 21, 695, 694, 96, 88, 102, 87, 101, 86, 97, 19, 18, 15, 9, 8, 709, 6, 716, 715, 705, 713, 704, 4, 7, 708, 700, 718, 707, 706, 717, 719, 699, 5, 14, 701, 710, 698, 37, 36, 703, 702, 697, 692, 712, 711, 3, 2, 721, 722, 693, 12, 11, 0]




