--------------------- Folder: vm1084 ---------------------
Time taken to read the file: 0.0580143928527832 seconds
-----------
Time taken to execute: 3.9119560718536377 seconds
Memory taken to execute: 8.0 kilobytes
Best cost: 315268.3487491507
Solution path: [0, 259, 256, 580, 608, 368, 634, 822, 820, 658, 816, 814, 813, 819, 700, 883, 930, 980, 1030, 902, 1032, 708, 699, 961, 989, 1078, 922, 1068, 706, 698, 939, 829, 984, 1040, 912, 1050, 705, 697, 965, 771, 904, 924, 896, 704, 1008, 1064, 691, 722, 717, 788, 1066, 1007, 1017, 1019, 689, 1011, 855, 757, 1021, 756, 853, 1010, 885, 737, 1002, 694, 1009, 680, 1001, 852, 1025, 678, 828, 1023, 891, 797, 884, 262, 353, 355, 544, 307, 151, 153, 547, 539, 546, 312, 532, 542, 34, 530, 354, 305, 31, 306, 545, 308, 152, 309, 311, 543, 33, 531, 263, 541, 69, 540, 71, 606, 56, 70, 371, 264, 633, 73, 58, 72, 57, 579, 60, 607, 61, 78, 372, 468, 59, 74, 824, 826, 727, 955, 982, 1051, 777, 779, 1081, 951, 957, 894, 783, 785, 928, 945, 953, 1033, 1034, 1044, 897, 949, 959, 986, 1048, 1062, 1069, 947, 702, 770, 879, 881, 999, 681, 1000, 941, 943, 993, 767, 773, 1056, 1035, 766, 987, 1052, 609, 1045, 995, 1038, 1049, 992, 1036, 782, 585, 605, 616, 588, 610, 1063, 721, 963, 688, 709, 728, 967, 975, 730, 731, 977, 1057, 732, 733, 1053, 1039, 734, 735, 776, 1037, 937, 934, 972, 918, 935, 969, 932, 118, 121, 120, 587, 427, 426, 428, 429, 480, 482, 481, 293, 483, 321, 320, 970, 845, 862, 661, 804, 750, 752, 802, 663, 848, 835, 833, 866, 842, 671, 794, 748, 738, 793, 672, 830, 868, 857, 870, 675, 669, 811, 725, 715, 809, 677, 741, 839, 876, 874, 849, 684, 801, 712, 743, 714, 799, 686, 861, 878, 936, 933, 806, 759, 1060, 664, 789, 910, 754, 997, 998, 916, 864, 914, 747, 837, 908, 844, 900, 831, 892, 871, 888, 841, 1076, 850, 1074, 858, 667, 642, 301, 643, 644, 302, 303, 284, 286, 334, 335, 285, 267, 270, 524, 526, 525, 431, 266, 281, 130, 129, 484, 234, 30, 339, 342, 38, 222, 82, 133, 85, 319, 333, 229, 425, 157, 345, 219, 621, 9, 204, 392, 148, 401, 323, 138, 278, 389, 377, 292, 398, 300, 282, 101, 18, 140, 329, 315, 27, 22, 212, 125, 139, 21, 326, 275, 8, 145, 142, 20, 7, 276, 287, 272, 146, 298, 223, 195, 143, 227, 5, 432, 189, 327, 226, 294, 423, 184, 442, 494, 477, 44, 95, 626, 463, 471, 451, 418, 193, 517, 521, 599, 469, 179, 509, 448, 491, 332, 299, 430, 265, 119, 117, 590, 114, 115, 112, 110, 108, 106, 387, 589, 611, 116, 113, 617, 111, 109, 586, 105, 518, 519, 615, 604, 170, 369, 441, 171, 168, 169, 584, 346, 349, 527, 529, 528, 348, 635, 603, 581, 373, 582, 62, 250, 352, 420, 499, 77, 75, 512, 505, 591, 395, 176, 411, 96, 630, 203, 87, 48, 45, 627, 649, 104, 502, 654, 260, 257, 188, 417, 194, 462, 450, 508, 597, 465, 624, 175, 583, 375, 447, 1, 197, 456, 244, 249, 241, 253, 459, 185, 251, 453, 240, 63, 498, 103, 513, 592, 435, 49, 474, 383, 46, 556, 154, 563, 53, 364, 216, 566, 569, 124, 201, 202, 310, 32, 560, 88, 628, 631, 504, 408, 351, 650, 245, 248, 374, 396, 577, 242, 254, 381, 252, 652, 500, 412, 246, 578, 243, 247, 497, 350, 593, 514, 50, 102, 629, 632, 89, 503, 47, 97, 177, 409, 651, 506, 173, 573, 397, 436, 67, 65, 68, 475, 703, 769, 701, 659, 913, 985, 1079, 827, 825, 823, 821, 905, 1080, 817, 981, 1031, 926, 815, 812, 818, 898, 979, 882, 707, 1041, 990, 719, 723, 692, 1065, 1067, 726, 718, 983, 690, 772, 787, 758, 1016, 1018, 854, 554, 555, 156, 155, 559, 558, 557, 562, 561, 538, 1006, 1020, 693, 736, 679, 1005, 1004, 696, 890, 796, 1024, 1022, 1003, 536, 535, 55, 534, 362, 214, 54, 567, 695, 564, 363, 122, 215, 568, 565, 123, 200, 178, 533, 537, 51, 52, 90, 92, 384, 91, 98, 238, 414, 239, 385, 1028, 880, 682, 906, 903, 994, 768, 765, 925, 988, 923, 996, 895, 1029, 781, 899, 991, 1014, 720, 940, 687, 710, 729, 1015, 1026, 931, 670, 775, 966, 476, 919, 938, 660, 962, 846, 929, 907, 863, 927, 805, 662, 1027, 751, 1042, 847, 956, 952, 803, 1046, 1054, 958, 946, 836, 1058, 1070, 954, 834, 950, 1072, 1082, 960, 795, 948, 886, 753, 867, 942, 792, 944, 673, 739, 1043, 856, 869, 674, 1047, 668, 810, 873, 724, 1055, 875, 740, 716, 1059, 808, 676, 920, 749, 1071, 638, 405, 683, 1073, 800, 711, 1083, 742, 713, 685, 887, 798, 877, 860, 964, 778, 807, 968, 665, 780, 790, 976, 760, 755, 784, 921, 978, 746, 917, 865, 843, 786, 774, 973, 974, 971, 911, 909, 1012, 1061, 791, 915, 838, 901, 1013, 761, 160, 550, 271, 161, 367, 269, 366, 832, 893, 762, 162, 361, 163, 360, 889, 840, 872, 763, 1077, 744, 851, 764, 1075, 859, 666, 166, 164, 648, 134, 165, 135, 745, 12, 13, 15, 647, 548, 209, 549, 488, 490, 489, 208, 407, 207, 406, 473, 187, 39, 657, 487, 596, 637, 602, 614, 235, 440, 446, 636, 416, 572, 594, 600, 612, 455, 296, 461, 225, 458, 274, 655, 601, 613, 595, 467, 356, 472, 273, 452, 639, 180, 147, 449, 328, 210, 24, 313, 25, 337, 127, 331, 16, 236, 656, 99, 340, 620, 232, 28, 288, 36, 641, 220, 80, 131, 83, 40, 217, 343, 358, 317, 231, 479, 11, 206, 190, 150, 403, 325, 394, 391, 623, 400, 280, 379, 196, 493, 159, 496, 136, 199, 291, 181, 141, 128, 357, 86, 443, 492, 495, 424, 640, 17, 237, 100, 341, 233, 29, 338, 37, 221, 81, 132, 84, 41, 318, 230, 10, 205, 622, 402, 324, 290, 149, 393, 289, 137, 485, 399, 279, 390, 378, 268, 365, 359, 646, 316, 645, 304, 336, 283, 14, 158, 344, 218, 330, 126, 619, 23, 211, 314, 26, 478, 213, 618, 277, 464, 198, 297, 224, 144, 228, 419, 4, 433, 182, 422, 186, 470, 295, 388, 322, 404, 486, 183, 19, 6, 570, 439, 571, 434, 3, 553, 445, 437, 551, 454, 515, 191, 575, 523, 510, 460, 93, 42, 552, 457, 410, 415, 511, 413, 382, 255, 64, 261, 258, 2, 76, 501, 653, 444, 507, 174, 347, 35, 598, 386, 172, 167, 625, 522, 370, 516, 192, 94, 43, 107, 466, 79, 376, 520, 574, 421, 438, 66, 576, 380, 0]




